# Daily global radiation [kJ/m2] De Bilt 1901-2014 (station 260) of Royal Netherlands Meteorological Institute (KNMI)
# Detrended to 2014 (second column, Versteeg/STOWA, 2015) and detrended to 1995 (third column, Versteeg/STOWA, 2015)
00000000      260      260
00000000  141.000  141.000
00000000  457.000  457.000
00000000    5.183    5.183
00000000   52.100   52.100
19010101   2607.0   2607.0
19010102   1313.3   1313.3
19010103   1313.3   1313.3
19010104   1330.6   1330.6
19010105   3090.1   3090.1
19010106   4264.2   4264.2
19010107   2707.7   2707.7
19010108   2314.7   2314.7
19010109   1557.0   1557.0
19010110   3328.2   3328.2
19010111   4013.6   4013.6
19010112   1633.9   1633.9
19010113   1527.8   1527.8
19010114   4713.9   4713.9
19010115   1734.3   1734.3
19010116   4658.0   4658.0
19010117   2677.1   2677.1
19010118   3458.5   3458.5
19010119   1670.0   1670.0
19010120   1676.2   1676.2
19010121   2005.9   2005.9
19010122   1806.9   1806.9
19010123   4785.9   4785.9
19010124   1829.9   1829.9
19010125   5638.2   5638.2
19010126   3221.4   3221.4
19010127   1866.2   1866.2
19010128   2274.7   2274.7
19010129   2370.4   2370.4
19010130   3718.2   3718.2
19010131   2476.3   2476.3
19010201   2056.3   2056.3
19010202   2502.2   2502.2
19010203   3527.6   3527.6
19010204   2177.3   2177.3
19010205   2460.5   2460.5
19010206   2327.3   2327.3
19010207   6754.3   6754.3
19010208   4397.2   4397.2
19010209   2384.6   2384.6
19010210   2436.5   2436.5
19010211   7942.2   7942.2
19010212   5784.0   5784.0
19010213   8218.0   8218.0
19010214   3881.3   3881.3
19010215   8624.2   8624.2
19010216   2807.0   2807.0
19010217   4423.8   4423.8
19010218   2993.2   2993.2
19010219   2885.8   2885.8
19010220   9706.4   9706.4
19010221   7441.6   7441.6
19010222   3041.3   3041.3
19010223   3093.1   3093.1
19010224   3145.0   3145.0
19010225   3196.8   3196.8
19010226   4000.1   4000.1
19010227   3317.8   3317.8
19010228   4084.8   4084.8
19010301   3421.4   3421.4
19010302   3490.6   3490.6
19010303   5334.1   5334.1
19010304   6927.2   6927.2
19010305   3663.4   3663.4
19010306   3715.2   3715.2
19010307   3784.3   3784.3
19010308   6099.9   6099.9
19010309   3888.0   3888.0
19010310   3957.1   3957.1
19010311   4009.0   4009.0
19010312   8088.9   8088.9
19010313  10048.5  10048.5
19010314   7620.8   7620.8
19010315   7237.1   7237.1
19010316   5291.1   5291.1
19010317   5108.9   5108.9
19010318   4441.0   4441.0
19010319   4510.1   4510.1
19010320   4561.9   4561.9
19010321  12829.4  12829.4
19010322  12315.0  12315.0
19010323   7422.6   7422.6
19010324  12228.2  12228.2
19010325   6653.1   6653.1
19010326  12536.1  12536.1
19010327   7379.5   7379.5
19010328   8874.0   8874.0
19010329  10720.3  10720.3
19010330   5184.0   5184.0
19010331   5383.0   5383.0
19010401  13534.6  13136.1
19010402  15767.3  15303.1
19010403   5824.1   5652.6
19010404   9845.0   9555.1
19010405   7436.4   7217.5
19010406   8036.0   7799.4
19010407   6235.6   6052.0
19010408  16145.3  15670.0
19010409  14724.9  14291.4
19010410  13492.0  13094.7
19010411   7035.8   6828.6
19010412  11400.7  11065.0
19010413  15929.1  15460.2
19010414   8156.8   7916.6
19010415  11732.1  11386.7
19010416   8668.4   8413.2
19010417   9518.1   9237.9
19010418  20031.6  19441.8
19010419  16371.1  15889.1
19010420  21904.5  21259.6
19010421  23054.1  22375.4
19010422  23631.5  22935.8
19010423  23425.0  22735.3
19010424  19031.2  18470.9
19010425  24197.2  23484.8
19010426  19330.1  18761.0
19010427  15403.8  14950.3
19010428   8334.7   8089.3
19010429  18537.0  17991.2
19010430  15966.8  15496.7
19010501   7474.8   7254.8
19010502  18277.3  17739.1
19010503  26068.0  25300.5
19010504  18548.0  18001.9
19010505   7660.3   7434.8
19010506  10317.8  10014.0
19010507  10803.1  10485.0
19010508  16366.2  15884.4
19010509  15121.2  14676.0
19010510  18780.9  18228.0
19010511  21769.0  21128.1
19010512  18060.8  17529.1
19010513  19089.5  18527.5
19010514  26886.2  26094.6
19010515  23593.4  22898.7
19010516  11574.6  11233.9
19010517  12316.9  11954.3
19010518  17452.4  16938.5
19010519  17763.1  17240.1
19010520  21803.5  21161.6
19010521  27751.5  26934.5
19010522  28345.2  27510.7
19010523  24693.3  23966.3
19010524  27350.7  26545.4
19010525  23430.8  22741.0
19010526  15178.8  14731.9
19010527  20714.2  20104.4
19010528  24168.3  23456.7
19010529  26387.9  25611.0
19010530  16551.1  16063.8
19010531  10321.3  10017.4
19010601  19087.1  18525.2
19010602  23509.3  22817.1
19010603  12583.2  12212.7
19010604  28009.9  27185.2
19010605  28559.5  27718.7
19010606  24692.6  23965.6
19010607  28435.1  27597.9
19010608  26523.1  25742.2
19010609  22626.4  21960.2
19010610  23664.4  22967.7
19010611  19208.2  18642.7
19010612  10069.3   9772.8
19010613  20489.1  19885.8
19010614  13073.8  12688.9
19010615  17051.5  16549.5
19010616  19786.3  19203.7
19010617   9613.3   9330.3
19010618  13599.4  13199.1
19010619  23564.7  22871.0
19010620  10111.6   9813.9
19010621  10836.3  10517.2
19010622  11357.2  11022.9
19010623  24063.0  23354.5
19010624  11357.2  11022.9
19010625  14346.8  13924.4
19010626  20532.1  19927.6
19010627  16057.1  15584.4
19010628  28736.3  27890.2
19010629  28676.0  27831.8
19010630  12054.0  11699.1
19010701   8810.3   8550.9
19010702  14967.9  14527.2
19010703  10991.9  10668.3
19010704  28988.4  28134.9
19010705  19332.9  18763.7
19010706  26165.5  25395.1
19010707  11167.2  10838.4
19010708  17987.8  17458.2
19010709  25023.1  24286.4
19010710  24239.5  23525.8
19010711  29225.1  28364.7
19010712  28920.5  28069.0
19010713  22342.6  21684.8
19010714  10232.5   9931.3
19010715  14765.6  14330.9
19010716  26636.8  25852.6
19010717  24196.8  23484.4
19010718  27410.9  26603.9
19010719  27350.7  26545.4
19010720  24874.4  24142.0
19010721  26406.1  25628.6
19010722  11111.4  10784.3
19010723  19706.7  19126.5
19010724  23097.5  22417.5
19010725  19299.5  18731.3
19010726  16913.9  16415.9
19010727   9973.0   9679.4
19010728  17403.8  16891.4
19010729  19359.8  18789.8
19010730  23998.9  23292.3
19010731  20526.1  19921.7
19010801  15076.8  14633.0
19010802  20730.4  20120.1
19010803  17325.9  16815.7
19010804  13733.1  13328.8
19010805  14724.6  14291.1
19010806   7716.0   7488.8
19010807  12395.9  12031.0
19010808  12733.2  12358.4
19010809  21177.1  20553.6
19010810  20599.2  19992.7
19010811   9785.3   9497.2
19010812  20344.9  19745.9
19010813  15226.3  14778.0
19010814  22914.6  22240.0
19010815   8067.4   7829.9
19010816  18366.2  17825.4
19010817  22650.5  21983.7
19010818  18282.5  17744.2
19010819  21902.4  21257.5
19010820  13083.8  12698.6
19010821  12979.7  12597.6
19010822  16162.8  15686.9
19010823  21402.5  20772.4
19010824  18945.2  18387.4
19010825  22562.9  21898.6
19010826  12984.2  12601.9
19010827  15835.8  15369.6
19010828  16986.2  16486.1
19010829   9565.5   9283.9
19010830   6958.6   6753.7
19010831   6343.4   6156.6
19010901  10174.8   9875.3
19010902   8333.6   8088.2
19010903  16069.3  15596.2
19010904  17591.0  17073.1
19010905  15731.5  15268.4
19010906  15923.5  15454.6
19010907   8410.7   8163.1
19010908   8166.9   7926.5
19010909   6131.8   5951.3
19010910   8308.1   8063.5
19010911   8705.9   8449.6
19010912  14416.0  13991.5
19010913  15675.3  15213.8
19010914   5471.6   5310.6
19010915   5416.0   5256.5
19010916   8071.6   7834.0
19010917   5286.2   5130.5
19010918   9639.9   9356.0
19010919  14284.6  13864.0
19010920   8827.3   8567.4
19010921  14348.6  13926.2
19010922  12932.7  12551.9
19010923  12739.6  12364.6
19010924   9738.2   9451.5
19010925   5592.2   5427.5
19010926   4711.2   4572.5
19010927  13813.0  13406.3
19010928  13335.4  12942.8
19010929  12410.4  12045.0
19010930   9830.3   9540.8
19011001  12035.9  12035.9
19011002   4384.4   4384.4
19011003   3974.4   3974.4
19011004   5575.9   5575.9
19011005   7751.6   7751.6
19011006   3801.6   3801.6
19011007   7543.0   7543.0
19011008   6369.7   6369.7
19011009   5770.2   5770.2
19011010   7899.0   7899.0
19011011   3723.2   3723.2
19011012  10351.1  10351.1
19011013   7039.1   7039.1
19011014   3917.5   3917.5
19011015   4042.4   4042.4
19011016   5804.7   5804.7
19011017   5413.1   5413.1
19011018   7522.1   7522.1
19011019   4631.6   4631.6
19011020   4043.7   4043.7
19011021   2972.2   2972.2
19011022   5546.3   5546.3
19011023   5528.4   5528.4
19011024   3529.0   3529.0
19011025   2938.4   2938.4
19011026   7333.4   7333.4
19011027   8247.9   8247.9
19011028   6538.3   6538.3
19011029   2864.1   2864.1
19011030   4538.8   4538.8
19011031   8641.4   8641.4
19011101   8324.5   8324.5
19011102   8003.9   8003.9
19011103   7765.1   7765.1
19011104   6674.9   6674.9
19011105   7225.2   7225.2
19011106   3544.5   3544.5
19011107   2544.4   2544.4
19011108   2142.7   2142.7
19011109   2108.2   2108.2
19011110   2073.6   2073.6
19011111   2021.8   2021.8
19011112   2489.8   2489.8
19011113   1952.6   1952.6
19011114   2241.5   2241.5
19011115   3736.0   3736.0
19011116   5589.8   5589.8
19011117   5077.4   5077.4
19011118   1779.8   1779.8
19011119   1762.6   1762.6
19011120   1745.3   1745.3
19011121   1693.4   1693.4
19011122   1658.9   1658.9
19011123   4870.6   4870.6
19011124   4452.0   4452.0
19011125   2170.5   2170.5
19011126   1555.2   1555.2
19011127   1537.9   1537.9
19011128   2546.2   2546.2
19011129   2321.3   2321.3
19011130   1675.2   1675.2
19011201   1451.5   1451.5
19011202   1434.2   1434.2
19011203   2253.1   2253.1
19011204   4506.8   4506.8
19011205   3674.3   3674.3
19011206   1365.1   1365.1
19011207   1347.8   1347.8
19011208   1330.6   1330.6
19011209   1480.1   1480.1
19011210   2346.6   2346.6
19011211   1296.0   1296.0
19011212   1296.0   1296.0
19011213   1314.7   1314.7
19011214   1278.7   1278.7
19011215   2324.8   2324.8
19011216   1261.4   1261.4
19011217   3033.8   3033.8
19011218   1244.2   1244.2
19011219   1244.2   1244.2
19011220   1244.2   1244.2
19011221   1244.2   1244.2
19011222   1244.2   1244.2
19011223   1244.2   1244.2
19011224   1244.2   1244.2
19011225   2467.8   2467.8
19011226   1698.7   1698.7
19011227   3175.5   3175.5
19011228   1899.5   1899.5
19011229   2041.3   2041.3
19011230   1278.7   1278.7
19011231   1458.4   1458.4
