# Daily precipitation sums De Bilt (station 550, tapped 8.00 UT) of Royal Netherlands Meteorological Institute (KNMI)
# Original (1906-2014), homogenised (Brandsma et al., 2014) and homogenised + detrended_to_1995 (Brandsma/STOWA, 2015)
00000000      550      550      550
00000000  141.000  141.000  141.000
00000000  457.000  457.000  457.000
00000000    5.178    5.178    5.178
00000000   52.101   52.101   52.101
19060101      0.0     0.00     0.00
19060102      0.0     0.00     0.00
19060103      0.0     0.00     0.00
19060104      0.3     0.34     0.39
19060105     13.4    13.68    16.08
19060106      9.3     9.49    11.16
19060107     10.8    11.20    13.17
19060108      7.3     7.42     8.72
19060109      3.1     3.15     3.70
19060110      3.0     3.12     3.67
19060111      0.0     0.00     0.00
19060112      2.3     2.37     2.78
19060113     10.0    10.22    12.02
19060114      8.2     8.41     9.89
19060115      0.0     0.00     0.00
19060116      0.5     0.52     0.61
19060117     14.3    14.59    17.16
19060118      0.0     0.00     0.00
19060119     11.0    11.31    13.30
19060120      3.1     3.17     3.73
19060121      3.0     3.15     3.70
19060122      2.7     2.74     3.22
19060123      0.0     0.00     0.00
19060124      0.0     0.00     0.00
19060125      0.0     0.00     0.00
19060126      5.0     5.18     6.09
19060127      0.8     0.83     0.97
19060128      0.0     0.00     0.00
19060129      0.7     0.75     0.88
19060130      3.3     3.38     3.98
19060131      0.1     0.11     0.13
19060201      0.2     0.21     0.25
19060202      1.3     1.36     1.60
19060203      4.8     4.96     5.83
19060204      3.7     3.83     4.51
19060205      0.1     0.11     0.13
19060206      0.0     0.00     0.00
19060207      0.1     0.11     0.13
19060208      0.4     0.42     0.50
19060209      7.7     7.88     9.27
19060210      1.2     1.25     1.47
19060211      4.1     4.42     5.20
19060212      1.0     1.04     1.22
19060213      0.0     0.00     0.00
19060214      0.2     0.21     0.24
19060215      0.0     0.00     0.00
19060216      0.0     0.00     0.00
19060217      0.3     0.34     0.40
19060218     11.3    11.51    13.53
19060219      0.2     0.21     0.25
19060220      0.9     0.93     1.09
19060221      6.4     6.69     7.87
19060222      3.5     3.62     4.26
19060223      0.0     0.00     0.00
19060224      0.0     0.00     0.00
19060225      0.0     0.00     0.00
19060226      2.0     2.13     2.50
19060227      0.2     0.20     0.24
19060228      0.9     0.93     1.09
19060301      5.4     5.61     6.48
19060302      5.4     5.57     6.44
19060303      2.8     2.84     3.29
19060304      0.0     0.00     0.00
19060305      0.0     0.00     0.00
19060306      0.0     0.00     0.00
19060307      0.0     0.00     0.00
19060308      0.0     0.00     0.00
19060309      9.9    10.04    11.60
19060310      2.8     2.88     3.33
19060311      0.8     0.84     0.97
19060312      3.1     3.24     3.74
19060313      2.8     2.89     3.34
19060314      0.0     0.00     0.00
19060315      1.0     1.06     1.22
19060316      7.5     7.72     8.92
19060317      3.7     3.82     4.42
19060318      0.0     0.00     0.00
19060319      0.8     0.81     0.94
19060320      0.2     0.22     0.25
19060321      0.0     0.00     0.00
19060322      0.0     0.00     0.00
19060323      0.0     0.00     0.00
19060324      0.2     0.22     0.25
19060325      0.4     0.42     0.48
19060326      4.3     4.38     5.06
19060327      0.0     0.00     0.00
19060328      0.0     0.00     0.00
19060329      0.9     0.93     1.07
19060330      0.1     0.11     0.13
19060331      0.1     0.11     0.13
19060401      0.2     0.21     0.25
19060402      0.0     0.00     0.00
19060403      0.0     0.00     0.00
19060404      0.0     0.00     0.00
19060405      0.0     0.00     0.00
19060406      0.0     0.00     0.00
19060407      0.0     0.00     0.00
19060408      0.0     0.00     0.00
19060409      0.0     0.00     0.00
19060410      0.0     0.00     0.00
19060411      0.0     0.00     0.00
19060412      0.0     0.00     0.00
19060413      0.2     0.20     0.24
19060414      0.0     0.00     0.00
19060415      0.0     0.00     0.00
19060416      0.0     0.00     0.00
19060417      0.0     0.00     0.00
19060418      0.0     0.00     0.00
19060419      9.4     9.63    11.12
19060420      0.6     0.61     0.71
19060421      0.0     0.00     0.00
19060422      2.1     2.14     2.48
19060423      0.6     0.62     0.72
19060424      1.1     1.13     1.31
19060425      3.3     3.32     3.84
19060426      0.0     0.00     0.00
19060427      2.1     2.13     2.46
19060428      0.0     0.00     0.00
19060429      6.9     7.06     8.16
19060430      0.4     0.42     0.48
19060501      6.3     6.36     7.34
19060502      3.5     3.57     4.13
19060503      3.3     3.38     3.90
19060504      7.1     7.16     8.27
19060505      0.0     0.00     0.00
19060506      0.0     0.00     0.00
19060507      0.0     0.00     0.00
19060508      0.0     0.00     0.00
19060509      0.0     0.00     0.00
19060510      0.0     0.00     0.00
19060511      7.0     7.09     8.19
19060512      0.0     0.00     0.00
19060513      0.0     0.00     0.00
19060514     15.7    15.73    18.18
19060515      8.1     8.21     9.49
19060516      3.1     3.16     3.65
19060517      0.0     0.00     0.00
19060518      1.0     1.02     1.17
19060519      3.0     3.07     3.55
19060520      0.1     0.11     0.12
19060521     15.6    15.88    18.35
19060522      1.5     1.53     1.77
19060523      0.0     0.00     0.00
19060524      0.0     0.00     0.00
19060525      9.2     9.25    10.68
19060526      0.3     0.31     0.36
19060527      5.3     5.40     6.24
19060528      1.5     1.56     1.80
19060529      0.0     0.00     0.00
19060530      0.0     0.00     0.00
19060531      0.0     0.00     0.00
19060601      0.1     0.11     0.11
19060602      4.5     4.55     4.81
19060603      0.8     0.84     0.88
19060604      0.9     0.93     0.98
19060605      0.0     0.00     0.00
19060606      0.0     0.00     0.00
19060607      0.0     0.00     0.00
19060608      0.0     0.00     0.00
19060609      0.0     0.00     0.00
19060610      0.0     0.00     0.00
19060611      0.0     0.00     0.00
19060612      0.0     0.00     0.00
19060613      0.0     0.00     0.00
19060614      0.0     0.00     0.00
19060615      0.0     0.00     0.00
19060616      7.9     7.93     8.37
19060617      0.8     0.81     0.85
19060618      5.5     5.53     5.84
19060619      0.2     0.21     0.22
19060620      0.0     0.00     0.00
19060621      0.0     0.00     0.00
19060622      0.0     0.00     0.00
19060623      6.5     6.52     6.88
19060624      0.0     0.00     0.00
19060625      0.1     0.11     0.11
19060626      0.0     0.00     0.00
19060627      0.0     0.00     0.00
19060628      0.0     0.00     0.00
19060629      8.4     8.43     8.90
19060630     11.9    12.05    12.73
19060701      0.1     0.10     0.11
19060702      0.2     0.20     0.22
19060703      0.0     0.00     0.00
19060704      0.0     0.00     0.00
19060705      0.0     0.00     0.00
19060706      3.7     3.73     3.94
19060707      0.0     0.00     0.00
19060708      0.0     0.00     0.00
19060709      0.0     0.00     0.00
19060710      0.0     0.00     0.00
19060711      0.0     0.00     0.00
19060712     39.2    39.44    41.65
19060713      2.8     2.86     3.02
19060714      2.1     2.11     2.23
19060715      0.0     0.00     0.00
19060716      2.0     2.05     2.16
19060717      0.0     0.00     0.00
19060718      0.0     0.00     0.00
19060719      0.0     0.00     0.00
19060720      5.7     5.75     6.07
19060721      1.8     1.82     1.92
19060722      0.0     0.00     0.00
19060723      0.1     0.11     0.11
19060724      0.0     0.00     0.00
19060725      0.7     0.71     0.75
19060726      0.0     0.00     0.00
19060727      0.0     0.00     0.00
19060728      1.6     1.61     1.70
19060729      0.0     0.00     0.00
19060730      0.0     0.00     0.00
19060731      0.0     0.00     0.00
19060801      0.8     0.81     0.85
19060802      0.0     0.00     0.00
19060803      2.9     2.94     3.10
19060804      0.0     0.00     0.00
19060805      8.6     8.63     9.11
19060806      0.0     0.00     0.00
19060807      0.0     0.00     0.00
19060808      0.0     0.00     0.00
19060809      0.0     0.00     0.00
19060810      0.7     0.71     0.75
19060811      4.0     4.04     4.27
19060812      0.8     0.81     0.86
19060813      0.0     0.00     0.00
19060814      5.8     5.83     6.16
19060815      7.8     7.86     8.30
19060816      3.4     3.45     3.64
19060817      5.2     5.26     5.55
19060818      5.5     5.57     5.89
19060819      2.6     2.67     2.81
19060820      0.0     0.00     0.00
19060821      0.1     0.10     0.11
19060822      0.3     0.30     0.32
19060823      0.0     0.00     0.00
19060824      0.0     0.00     0.00
19060825      0.9     0.92     0.97
19060826      7.3     7.43     7.85
19060827      3.7     3.75     3.96
19060828      0.5     0.52     0.55
19060829      0.0     0.00     0.00
19060830      0.0     0.00     0.00
19060831      0.0     0.00     0.00
19060901      0.0     0.00     0.00
19060902      0.0     0.00     0.00
19060903      0.0     0.00     0.00
19060904      0.0     0.00     0.00
19060905      0.0     0.00     0.00
19060906      0.1     0.10     0.13
19060907      2.3     2.32     2.88
19060908      0.0     0.00     0.00
19060909      0.0     0.00     0.00
19060910      0.1     0.10     0.13
19060911      7.0     7.09     8.78
19060912      0.0     0.00     0.00
19060913      0.0     0.00     0.00
19060914      0.0     0.00     0.00
19060915      0.1     0.10     0.13
19060916      5.6     5.68     7.03
19060917      5.4     5.41     6.70
19060918      5.5     5.56     6.88
19060919      4.7     4.73     5.85
19060920      1.9     1.92     2.38
19060921      0.5     0.51     0.63
19060922      0.0     0.00     0.00
19060923      0.0     0.00     0.00
19060924      0.0     0.00     0.00
19060925      0.0     0.00     0.00
19060926      0.2     0.20     0.25
19060927      0.1     0.10     0.13
19060928      0.1     0.10     0.13
19060929      0.2     0.20     0.25
19060930      0.1     0.10     0.13
19061001      0.0     0.00     0.00
19061002      1.0     1.02     1.26
19061003     23.8    24.01    29.72
19061004      1.0     1.04     1.28
19061005      0.0     0.00     0.00
19061006      3.5     3.52     4.35
19061007      0.0     0.00     0.00
19061008      0.0     0.00     0.00
19061009      0.1     0.10     0.13
19061010      0.0     0.00     0.00
19061011      0.0     0.00     0.00
19061012      0.1     0.11     0.13
19061013      0.0     0.00     0.00
19061014     12.4    12.48    15.45
19061015      0.3     0.31     0.38
19061016      0.1     0.11     0.13
19061017      1.9     1.92     2.38
19061018      0.0     0.00     0.00
19061019      0.0     0.00     0.00
19061020      0.1     0.11     0.13
19061021      0.0     0.00     0.00
19061022      0.1     0.11     0.13
19061023      0.0     0.00     0.00
19061024      7.0     7.03     8.70
19061025      0.2     0.21     0.26
19061026      0.9     0.91     1.13
19061027      0.0     0.00     0.00
19061028      0.4     0.41     0.51
19061029      3.0     3.04     3.76
19061030      0.0     0.00     0.00
19061031      0.0     0.00     0.00
19061101      0.0     0.00     0.00
19061102      0.3     0.32     0.39
19061103      1.5     1.62     2.01
19061104      0.1     0.11     0.13
19061105      0.7     0.72     0.89
19061106      0.0     0.00     0.00
19061107      2.6     2.64     3.27
19061108      0.7     0.72     0.89
19061109      4.9     4.98     6.17
19061110      2.2     2.24     2.77
19061111      0.0     0.00     0.00
19061112      0.0     0.00     0.00
19061113      0.0     0.00     0.00
19061114      0.0     0.00     0.00
19061115      0.0     0.00     0.00
19061116      8.1     8.28    10.25
19061117      7.0     7.15     8.86
19061118      4.3     4.43     5.49
19061119      5.0     5.06     6.27
19061120      2.9     2.97     3.67
19061121      2.0     2.03     2.52
19061122      2.1     2.20     2.72
19061123      0.3     0.31     0.39
19061124      0.2     0.21     0.26
19061125      0.3     0.32     0.39
19061126      0.2     0.21     0.26
19061127      7.3     7.35     9.10
19061128      4.4     4.51     5.58
19061129      0.1     0.11     0.13
19061130      2.8     2.90     3.59
19061201      1.4     1.45     1.70
19061202      2.1     2.15     2.52
19061203      4.7     4.82     5.66
19061204      7.5     7.68     9.03
19061205      2.9     3.01     3.54
19061206     10.4    10.53    12.38
19061207      0.6     0.65     0.76
19061208      0.0     0.00     0.00
19061209      6.6     6.76     7.95
19061210      2.7     2.79     3.28
19061211      2.8     2.92     3.43
19061212      3.3     3.40     4.00
19061213      4.7     4.83     5.68
19061214      2.0     2.05     2.41
19061215      5.2     5.37     6.31
19061216      0.0     0.00     0.00
19061217      0.1     0.10     0.12
19061218      2.1     2.14     2.51
19061219      0.1     0.11     0.13
19061220      0.0     0.00     0.00
19061221      0.0     0.00     0.00
19061222      0.0     0.00     0.00
19061223      0.0     0.00     0.00
19061224      0.0     0.00     0.00
19061225      5.3     5.45     6.41
19061226      5.4     5.48     6.44
19061227      0.6     0.61     0.72
19061228      1.3     1.34     1.58
19061229      0.0     0.00     0.00
19061230      0.0     0.00     0.00
19061231      0.4     0.42     0.49
