# Daily Tg [deg. C] De Bilt 1901-2014 (station 260) of Royal Netherlands Meteorological Institute (KNMI)
# Detrended to 2014 (second column, Versteeg/STOWA, 2015) and detrended to 1995 (third column, Versteeg/STOWA, 2015)
00000000      260      260
00000000  141.000  141.000
00000000  457.000  457.000
00000000    5.183    5.183
00000000   52.100   52.100
19010101    -3.14    -3.79
19010102    -0.34    -0.99
19010103    -1.04    -1.69
19010104    -4.64    -5.29
19010105    -4.14    -4.79
19010106    -8.14    -8.79
19010107    -7.34    -7.99
19010108    -3.14    -3.79
19010109     2.86     2.21
19010110     3.26     2.61
19010111    -0.44    -1.09
19010112    -4.54    -5.19
19010113    -2.74    -3.39
19010114    -0.84    -1.49
19010115     2.36     1.71
19010116     1.16     0.51
19010117     3.56     2.91
19010118     1.36     0.71
19010119     5.26     4.61
19010120     7.36     6.71
19010121     8.86     8.21
19010122     8.96     8.31
19010123     3.76     3.11
19010124     3.36     2.71
19010125     7.46     6.81
19010126     5.86     5.21
19010127     9.06     8.41
19010128     4.76     4.11
19010129     1.26     0.61
19010130     2.46     1.81
19010131     2.36     1.71
19010201     1.76     1.11
19010202     0.66     0.01
19010203     0.36    -0.29
19010204    -2.64    -3.29
19010205    -0.04    -0.69
19010206    -0.24    -0.89
19010207    -0.74    -1.39
19010208     3.36     2.71
19010209     3.76     3.11
19010210     3.86     3.21
19010211     1.66     1.01
19010212    -0.14    -0.79
19010213    -3.74    -4.39
19010214    -5.74    -6.39
19010215    -4.24    -4.89
19010216     3.56     2.91
19010217     0.76     0.11
19010218    -0.54    -1.19
19010219    -0.34    -0.99
19010220    -4.74    -5.39
19010221    -3.34    -3.99
19010222     0.06    -0.59
19010223     3.36     2.71
19010224     3.86     3.21
19010225     5.36     4.71
19010226     4.66     4.01
19010227     6.16     5.51
19010228     7.16     6.51
19010301     6.86     6.21
19010302     8.06     7.41
19010303     8.16     7.51
19010304     7.06     6.41
19010305     8.66     8.01
19010306     6.56     5.91
19010307     5.86     5.21
19010308     6.16     5.51
19010309     4.36     3.71
19010310     3.66     3.01
19010311     3.86     3.21
19010312     6.36     5.71
19010313     6.56     5.91
19010314     5.66     5.01
19010315     7.46     6.81
19010316     9.16     8.51
19010317     7.26     6.61
19010318     5.66     5.01
19010319     5.36     4.71
19010320     4.76     4.11
19010321     3.56     2.91
19010322     2.96     2.31
19010323     3.86     3.21
19010324     3.96     3.31
19010325     2.16     1.51
19010326     0.56    -0.09
19010327     0.36    -0.29
19010328     0.66     0.01
19010329     1.36     0.71
19010330     6.26     5.61
19010331     9.86     9.21
19010401     9.00     8.33
19010402     9.40     8.73
19010403    13.20    12.53
19010404    10.30     9.63
19010405     6.80     6.13
19010406     8.00     7.33
19010407    11.70    11.03
19010408    12.40    11.73
19010409    11.70    11.03
19010410    10.00     9.33
19010411    10.20     9.53
19010412     8.40     7.73
19010413     7.60     6.93
19010414     9.80     9.13
19010415     7.70     7.03
19010416     6.50     5.83
19010417     6.90     6.23
19010418     8.00     7.33
19010419    11.20    10.53
19010420    14.80    14.13
19010421    17.40    16.73
19010422    18.60    17.93
19010423    16.80    16.13
19010424    15.30    14.63
19010425    15.50    14.83
19010426     7.80     7.13
19010427     9.10     8.43
19010428    11.70    11.03
19010429    11.70    11.03
19010430    11.90    11.23
19010501    10.50     9.83
19010502    13.60    12.93
19010503    15.00    14.33
19010504    11.10    10.43
19010505     9.90     9.23
19010506    11.10    10.43
19010507    10.20     9.53
19010508    10.40     9.73
19010509    11.30    10.63
19010510    11.60    10.93
19010511    12.60    11.93
19010512    13.30    12.63
19010513    14.70    14.03
19010514    16.00    15.33
19010515    13.90    13.23
19010516    12.00    11.33
19010517    11.30    10.63
19010518    10.20     9.53
19010519    12.10    11.43
19010520    12.70    12.03
19010521    16.40    15.73
19010522    16.50    15.83
19010523    14.80    14.13
19010524    16.30    15.63
19010525    15.80    15.13
19010526    19.00    18.33
19010527    16.00    15.33
19010528    18.00    17.33
19010529    20.80    20.13
19010530    20.70    20.03
19010531    19.60    18.93
19010601    20.80    20.13
19010602    18.40    17.73
19010603    17.90    17.23
19010604    17.10    16.43
19010605    18.10    17.43
19010606    18.50    17.83
19010607    15.40    14.73
19010608    16.10    15.43
19010609    16.90    16.23
19010610    17.10    16.43
19010611    14.70    14.03
19010612    12.80    12.13
19010613    11.90    11.23
19010614    13.10    12.43
19010615    13.60    12.93
19010616    13.40    12.73
19010617    11.50    10.83
19010618    11.30    10.63
19010619    14.30    13.63
19010620    17.80    17.13
19010621    20.70    20.03
19010622    23.60    22.93
19010623    20.40    19.73
19010624    16.10    15.43
19010625    15.80    15.13
19010626    15.40    14.73
19010627    15.80    15.13
19010628    18.70    18.03
19010629    19.40    18.73
19010630    20.70    20.03
19010701    17.70    17.03
19010702    19.20    18.53
19010703    18.30    17.63
19010704    20.60    19.93
19010705    18.00    17.33
19010706    19.50    18.83
19010707    17.20    16.53
19010708    17.70    17.03
19010709    19.30    18.63
19010710    22.80    22.13
19010711    24.80    24.13
19010712    26.10    25.43
19010713    24.00    23.33
19010714    18.60    17.93
19010715    18.20    17.53
19010716    20.50    19.83
19010717    21.70    21.03
19010718    23.60    22.93
19010719    23.20    22.53
19010720    23.30    22.63
19010721    23.70    23.03
19010722    20.70    20.03
19010723    19.70    19.03
19010724    19.60    18.93
19010725    19.50    18.83
19010726    18.20    17.53
19010727    18.30    17.63
19010728    19.60    18.93
19010729    21.40    20.73
19010730    22.70    22.03
19010731    22.20    21.53
19010801    21.00    20.33
19010802    20.50    19.83
19010803    18.90    18.23
19010804    19.40    18.73
19010805    18.60    17.93
19010806    16.20    15.53
19010807    18.40    17.73
19010808    20.90    20.23
19010809    22.50    21.83
19010810    24.50    23.83
19010811    20.70    20.03
19010812    18.70    18.03
19010813    17.90    17.23
19010814    20.60    19.93
19010815    18.20    17.53
19010816    17.60    16.93
19010817    17.30    16.63
19010818    20.20    19.53
19010819    21.20    20.53
19010820    18.20    17.53
19010821    18.20    17.53
19010822    18.00    17.33
19010823    18.50    17.83
19010824    17.70    17.03
19010825    18.00    17.33
19010826    17.40    16.73
19010827    15.10    14.43
19010828    14.70    14.03
19010829    13.80    13.13
19010830    16.20    15.53
19010831    17.20    16.53
19010901    14.60    13.93
19010902    14.60    13.93
19010903    15.50    14.83
19010904    15.40    14.73
19010905    14.00    13.33
19010906    13.60    12.93
19010907    14.80    14.13
19010908    17.00    16.33
19010909    19.50    18.83
19010910    19.30    18.63
19010911    16.60    15.93
19010912    16.70    16.03
19010913    16.20    15.53
19010914    15.20    14.53
19010915    15.00    14.33
19010916    15.80    15.13
19010917    15.70    15.03
19010918    15.00    14.33
19010919    13.80    13.13
19010920    17.50    16.83
19010921    21.20    20.53
19010922    19.40    18.73
19010923    20.70    20.03
19010924    19.10    18.43
19010925    18.90    18.23
19010926    18.10    17.43
19010927    15.50    14.83
19010928    14.90    14.23
19010929    16.50    15.83
19010930    16.90    16.23
19011001    17.86    17.21
19011002    18.46    17.81
19011003    17.36    16.71
19011004    14.56    13.91
19011005    14.16    13.51
19011006    11.16    10.51
19011007    10.56     9.91
19011008    11.06    10.41
19011009    13.06    12.41
19011010    10.56     9.91
19011011    12.06    11.41
19011012    11.16    10.51
19011013    10.06     9.41
19011014    10.56     9.91
19011015    10.86    10.21
19011016    11.96    11.31
19011017    13.76    13.11
19011018    15.16    14.51
19011019    13.86    13.21
19011020    12.86    12.21
19011021    12.06    11.41
19011022    10.36     9.71
19011023    10.06     9.41
19011024     9.86     9.21
19011025    11.36    10.71
19011026     9.36     8.71
19011027     8.16     7.51
19011028    11.06    10.41
19011029    11.36    10.71
19011030    10.56     9.91
19011031     7.46     6.81
19011101     7.66     7.01
19011102     7.36     6.71
19011103     5.56     4.91
19011104     3.56     2.91
19011105     2.96     2.31
19011106     4.06     3.41
19011107    10.36     9.71
19011108    10.76    10.11
19011109    10.56     9.91
19011110    10.66    10.01
19011111    11.46    10.81
19011112     9.36     8.71
19011113     9.76     9.11
19011114     7.06     6.41
19011115     3.66     3.01
19011116     2.66     2.01
19011117     4.26     3.61
19011118     7.96     7.31
19011119    11.16    10.51
19011120    12.06    11.41
19011121    11.66    11.01
19011122     7.16     6.51
19011123     2.26     1.61
19011124     1.06     0.41
19011125     5.26     4.61
19011126     6.36     5.71
19011127     1.56     0.91
19011128     6.16     5.51
19011129     7.36     6.71
19011130     9.16     8.51
19011201    10.06     9.41
19011202     9.66     9.01
19011203     8.66     8.01
19011204     2.66     2.01
19011205    -1.24    -1.89
19011206     1.06     0.41
19011207     8.56     7.91
19011208    11.56    10.91
19011209     7.26     6.61
19011210     6.16     5.51
19011211     3.76     3.11
19011212     2.66     2.01
19011213     6.36     5.71
19011214     3.86     3.21
19011215     1.86     1.21
19011216     0.46    -0.19
19011217    -1.94    -2.59
19011218     0.86     0.21
19011219    -0.14    -0.79
19011220     1.96     1.31
19011221     1.96     1.31
19011222     2.16     1.51
19011223     1.76     1.11
19011224     3.46     2.81
19011225     7.16     6.51
19011226     5.76     5.11
19011227     4.66     4.01
19011228     3.26     2.61
19011229     8.06     7.41
19011230    10.46     9.81
19011231    12.76    12.11
