# Transformed daily precipitation sums [mm] according to KNMI'14 transformation tool,
# version v1.1.
# Deltas are derived from the 2030 decadal prediction
# wet day scaling: centr
#
# Bakker A. (2015), Time series transformation tool: description of the program to
# generate time series consistent with the KNMI'14 climate scenarios, TR-349
#
# Daily precipitation sums De Bilt (station 550, tapped 8.00 UT) of Royal Netherlands Meteorological Institute (KNMI)
# Original (1906-2014), homogenised (Brandsma et al., 2014) and homogenised + detrended_to_1995 (Brandsma/STOWA, 2015)
  00000000        550        550        550
  00000000    141.000    141.000    141.000
  00000000    457.000    457.000    457.000
  00000000      5.178      5.178      5.178
  00000000     52.101     52.101     52.101
  19060101        0.0        0.0        0.0
  19060102        0.0        0.0        0.0
  19060103        0.0        0.0        0.0
  19060104        0.3        0.4        0.4
  19060105       14.3       14.6       17.2
  19060106       10.0       10.2       12.0
  19060107       11.6       12.0       14.1
  19060108        7.9        8.0        9.4
  19060109        3.4        3.4        4.1
  19060110        3.3        3.4        4.0
  19060111        0.0        0.0        0.0
  19060112        2.5        2.6        3.1
  19060113       10.7       11.0       12.9
  19060114        8.8        9.1       10.7
  19060115        0.0        0.0        0.0
  19060116        0.6        0.6        0.7
  19060117       15.3       15.6       18.3
  19060118        0.0        0.0        0.0
  19060119       11.8       12.1       14.3
  19060120        3.4        3.5        4.1
  19060121        3.3        3.4        4.1
  19060122        3.0        3.0        3.5
  19060123        0.0        0.0        0.0
  19060124        0.0        0.0        0.0
  19060125        0.0        0.0        0.0
  19060126        5.4        5.6        6.6
  19060127        0.9        0.9        1.1
  19060128        0.0        0.0        0.0
  19060129        0.8        0.8        1.0
  19060130        3.6        3.7        4.4
  19060131        0.1        0.1        0.2
  19060201        0.2        0.2        0.3
  19060202        1.4        1.5        1.8
  19060203        5.2        5.3        6.3
  19060204        4.0        4.1        4.9
  19060205        0.1        0.1        0.1
  19060206        0.0        0.0        0.0
  19060207        0.1        0.1        0.1
  19060208        0.4        0.5        0.6
  19060209        8.2        8.4        9.9
  19060210        1.3        1.4        1.6
  19060211        4.4        4.8        5.6
  19060212        1.1        1.1        1.3
  19060213        0.0        0.0        0.0
  19060214        0.2        0.2        0.3
  19060215        0.0        0.0        0.0
  19060216        0.0        0.0        0.0
  19060217        0.3        0.4        0.4
  19060218       12.0       12.2       14.3
  19060219        0.2        0.2        0.3
  19060220        1.0        1.0        1.2
  19060221        6.8        7.2        8.4
  19060222        3.8        3.9        4.6
  19060223        0.0        0.0        0.0
  19060224        0.0        0.0        0.0
  19060225        0.0        0.0        0.0
  19060226        2.2        2.3        2.7
  19060227        0.2        0.2        0.3
  19060228        1.0        1.0        1.2
  19060301        5.7        5.9        6.8
  19060302        5.7        5.9        6.8
  19060303        3.0        3.0        3.5
  19060304        0.0        0.0        0.0
  19060305        0.0        0.0        0.0
  19060306        0.0        0.0        0.0
  19060307        0.0        0.0        0.0
  19060308        0.0        0.0        0.0
  19060309       10.4       10.6       12.2
  19060310        3.0        3.0        3.5
  19060311        0.8        0.9        1.0
  19060312        3.3        3.4        3.9
  19060313        3.0        3.0        3.5
  19060314        0.0        0.0        0.0
  19060315        1.1        1.1        1.3
  19060316        7.9        8.1        9.4
  19060317        3.9        4.0        4.7
  19060318        0.0        0.0        0.0
  19060319        0.8        0.9        1.0
  19060320        0.2        0.2        0.3
  19060321        0.0        0.0        0.0
  19060322        0.0        0.0        0.0
  19060323        0.0        0.0        0.0
  19060324        0.2        0.2        0.3
  19060325        0.4        0.4        0.5
  19060326        4.5        4.6        5.3
  19060327        0.0        0.0        0.0
  19060328        0.0        0.0        0.0
  19060329        1.0        1.0        1.1
  19060330        0.1        0.1        0.1
  19060331        0.1        0.1        0.1
  19060401        0.2        0.2        0.2
  19060402        0.0        0.0        0.0
  19060403        0.0        0.0        0.0
  19060404        0.0        0.0        0.0
  19060405        0.0        0.0        0.0
  19060406        0.0        0.0        0.0
  19060407        0.0        0.0        0.0
  19060408        0.0        0.0        0.0
  19060409        0.0        0.0        0.0
  19060410        0.0        0.0        0.0
  19060411        0.0        0.0        0.0
  19060412        0.0        0.0        0.0
  19060413        0.2        0.2        0.2
  19060414        0.0        0.0        0.0
  19060415        0.0        0.0        0.0
  19060416        0.0        0.0        0.0
  19060417        0.0        0.0        0.0
  19060418        0.0        0.0        0.0
  19060419        9.8       10.0       11.6
  19060420        0.6        0.6        0.7
  19060421        0.0        0.0        0.0
  19060422        2.1        2.2        2.5
  19060423        0.6        0.6        0.7
  19060424        1.1        1.1        1.3
  19060425        3.4        3.4        3.9
  19060426        0.0        0.0        0.0
  19060427        2.1        2.2        2.5
  19060428        0.0        0.0        0.0
  19060429        7.1        7.3        8.4
  19060430        0.4        0.4        0.5
  19060501        6.4        6.5        7.5
  19060502        3.6        3.6        4.2
  19060503        3.3        3.4        4.0
  19060504        7.3        7.3        8.5
  19060505        0.0        0.0        0.0
  19060506        0.0        0.0        0.0
  19060507        0.0        0.0        0.0
  19060508        0.0        0.0        0.0
  19060509        0.0        0.0        0.0
  19060510        0.0        0.0        0.0
  19060511        7.2        7.3        8.4
  19060512        0.0        0.0        0.0
  19060513        0.0        0.0        0.0
  19060514       16.2       16.3       18.8
  19060515        8.3        8.4        9.7
  19060516        3.1        3.2        3.7
  19060517        0.0        0.0        0.0
  19060518        1.0        1.0        1.2
  19060519        3.0        3.1        3.6
  19060520        0.1        0.1        0.1
  19060521       16.1       16.4       19.0
  19060522        1.5        1.5        1.8
  19060523        3.3        3.4        4.0
  19060524        0.0        0.0        0.0
  19060525        9.5        9.5       11.0
  19060526        0.3        0.3        0.4
  19060527        5.4        5.5        6.4
  19060528        1.5        1.6        1.8
  19060529        0.0        0.0        0.0
  19060530        0.0        0.0        0.0
  19060531        0.0        0.0        0.0
  19060601        0.1        0.1        0.1
  19060602        4.3        4.4        4.6
  19060603        0.7        0.7        0.8
  19060604        0.8        0.8        0.9
  19060605        0.0        0.0        0.0
  19060606        0.0        0.0        0.0
  19060607        0.0        0.0        0.0
  19060608        0.0        0.0        0.0
  19060609        0.0        0.0        0.0
  19060610        0.0        0.0        0.0
  19060611        0.0        0.0        0.0
  19060612        0.0        0.0        0.0
  19060613        0.0        0.0        0.0
  19060614        0.0        0.0        0.0
  19060615        0.0        0.0        0.0
  19060616        7.9        7.9        8.3
  19060617        0.7        0.7        0.7
  19060618        5.4        5.4        5.7
  19060619        0.2        0.2        0.2
  19060620        0.0        0.0        0.0
  19060621        0.0        0.0        0.0
  19060622        0.0        0.0        0.0
  19060623        6.4        6.4        6.8
  19060624        0.0        0.0        0.0
  19060625        0.1        0.1        0.1
  19060626        0.0        0.0        0.0
  19060627        0.0        0.0        0.0
  19060628        0.0        0.0        0.0
  19060629        8.4        8.4        8.9
  19060630       12.1       12.3       13.0
  19060701        0.1        0.1        0.1
  19060702        0.1        0.1        0.1
  19060703        0.0        0.0        0.0
  19060704        0.0        0.0        0.0
  19060705        0.0        0.0        0.0
  19060706        3.4        3.4        3.6
  19060707        0.0        0.0        0.0
  19060708        0.0        0.0        0.0
  19060709        0.0        0.0        0.0
  19060710        0.0        0.0        0.0
  19060711        0.0        0.0        0.0
  19060712       41.3       41.6       43.9
  19060713        2.5        2.5        2.7
  19060714        1.8        1.8        1.9
  19060715        0.0        0.0        0.0
  19060716        1.7        1.7        1.8
  19060717        0.0        0.0        0.0
  19060718        0.0        0.0        0.0
  19060719        0.0        0.0        0.0
  19060720        5.5        5.5        5.8
  19060721        1.5        1.5        1.6
  19060722        0.0        0.0        0.0
  19060723        0.1        0.1        0.1
  19060724        0.0        0.0        0.0
  19060725        0.5        0.5        0.6
  19060726        0.0        0.0        0.0
  19060727        0.0        0.0        0.0
  19060728        1.3        1.3        1.4
  19060729        0.0        0.0        0.0
  19060730        0.0        0.0        0.0
  19060731        0.0        0.0        0.0
  19060801        0.8        0.8        0.8
  19060802        0.0        0.0        0.0
  19060803        2.9        2.9        3.1
  19060804        0.0        0.0        0.0
  19060805        8.9        8.9        9.4
  19060806        0.0        0.0        0.0
  19060807        0.0        0.0        0.0
  19060808        0.0        0.0        0.0
  19060809        0.0        0.0        0.0
  19060810        0.7        0.7        0.7
  19060811        4.1        4.1        4.3
  19060812        0.8        0.8        0.8
  19060813        0.0        0.0        0.0
  19060814        5.9        6.0        6.3
  19060815        8.1        8.1        8.6
  19060816        3.4        3.5        3.7
  19060817        5.3        5.4        5.7
  19060818        5.6        5.7        6.0
  19060819        2.6        2.7        2.8
  19060820        0.0        0.0        0.0
  19060821        0.1        0.1        0.1
  19060822        0.3        0.3        0.3
  19060823        0.0        0.0        0.0
  19060824        0.0        0.0        0.0
  19060825        0.9        0.9        0.9
  19060826        7.5        7.7        8.1
  19060827        3.7        3.8        4.0
  19060828        0.5        0.5        0.5
  19060829        0.0        0.0        0.0
  19060830        0.0        0.0        0.0
  19060831        0.0        0.0        0.0
  19060901        0.0        0.0        0.0
  19060902        0.0        0.0        0.0
  19060903        0.0        0.0        0.0
  19060904        0.0        0.0        0.0
  19060905        0.0        0.0        0.0
  19060906        0.1        0.1        0.1
  19060907        2.4        2.4        3.0
  19060908        0.0        0.0        0.0
  19060909        0.0        0.0        0.0
  19060910        0.1        0.1        0.1
  19060911        7.3        7.4        9.2
  19060912        0.0        0.0        0.0
  19060913        0.0        0.0        0.0
  19060914        0.0        0.0        0.0
  19060915        0.1        0.1        0.1
  19060916        5.8        5.9        7.3
  19060917        5.6        5.6        7.0
  19060918        5.7        5.8        7.2
  19060919        4.9        4.9        6.1
  19060920        2.0        2.0        2.4
  19060921        0.5        0.5        0.6
  19060922        0.0        0.0        0.0
  19060923        0.0        0.0        0.0
  19060924        0.0        0.0        0.0
  19060925        0.0        0.0        0.0
  19060926        0.2        0.2        0.2
  19060927        0.1        0.1        0.1
  19060928        0.1        0.1        0.1
  19060929        0.2        0.2        0.2
  19060930        0.1        0.1        0.1
  19061001        0.0        0.0        0.0
  19061002        1.1        1.1        1.3
  19061003       25.1       25.3       31.3
  19061004        1.1        1.1        1.4
  19061005        0.0        0.0        0.0
  19061006        3.7        3.7        4.6
  19061007        0.0        0.0        0.0
  19061008        0.0        0.0        0.0
  19061009        0.1        0.1        0.1
  19061010        0.0        0.0        0.0
  19061011        0.0        0.0        0.0
  19061012        0.1        0.1        0.1
  19061013        0.0        0.0        0.0
  19061014       13.1       13.2       16.3
  19061015        0.3        0.3        0.4
  19061016        0.1        0.1        0.1
  19061017        2.0        2.0        2.5
  19061018        0.0        0.0        0.0
  19061019        0.0        0.0        0.0
  19061020        0.1        0.1        0.1
  19061021        0.0        0.0        0.0
  19061022        0.1        0.1        0.1
  19061023        0.0        0.0        0.0
  19061024        7.4        7.4        9.2
  19061025        0.2        0.2        0.3
  19061026        1.0        1.0        1.2
  19061027        0.0        0.0        0.0
  19061028        0.4        0.4        0.5
  19061029        3.2        3.2        4.0
  19061030        0.0        0.0        0.0
  19061031        0.0        0.0        0.0
  19061101        0.0        0.0        0.0
  19061102        0.3        0.3        0.4
  19061103        1.6        1.7        2.1
  19061104        0.1        0.1        0.1
  19061105        0.8        0.8        1.0
  19061106        0.0        0.0        0.0
  19061107        2.8        2.8        3.5
  19061108        0.8        0.8        1.0
  19061109        5.2        5.3        6.6
  19061110        2.3        2.4        3.0
  19061111        0.0        0.0        0.0
  19061112        0.0        0.0        0.0
  19061113        0.0        0.0        0.0
  19061114        0.0        0.0        0.0
  19061115        0.0        0.0        0.0
  19061116        8.6        8.8       10.9
  19061117        7.4        7.6        9.4
  19061118        4.6        4.7        5.8
  19061119        5.3        5.4        6.7
  19061120        3.1        3.2        3.9
  19061121        2.1        2.2        2.7
  19061122        2.2        2.3        2.9
  19061123        0.3        0.3        0.4
  19061124        0.2        0.2        0.3
  19061125        0.3        0.3        0.4
  19061126        0.2        0.2        0.3
  19061127        7.8        7.8        9.7
  19061128        4.7        4.8        5.9
  19061129        0.1        0.1        0.1
  19061130        3.0        3.1        3.8
  19061201        1.6        1.6        1.9
  19061202        2.3        2.4        2.8
  19061203        5.1        5.2        6.1
  19061204        8.1        8.3        9.7
  19061205        3.2        3.3        3.9
  19061206       11.1       11.3       13.2
  19061207        0.7        0.7        0.9
  19061208        0.0        0.0        0.0
  19061209        7.1        7.3        8.6
  19061210        3.0        3.1        3.6
  19061211        3.1        3.2        3.8
  19061212        3.6        3.7        4.4
  19061213        5.1        5.2        6.2
  19061214        2.2        2.3        2.7
  19061215        5.6        5.8        6.8
  19061216        0.0        0.0        0.0
  19061217        0.1        0.1        0.1
  19061218        2.3        2.4        2.8
  19061219        0.1        0.1        0.2
  19061220        0.0        0.0        0.0
  19061221        0.0        0.0        0.0
  19061222        0.0        0.0        0.0
  19061223        0.0        0.0        0.0
  19061224        0.0        0.0        0.0
  19061225        5.7        5.9        6.9
  19061226        5.8        5.9        7.0
  19061227        0.7        0.7        0.8
  19061228        1.4        1.5        1.8
  19061229        0.0        0.0        0.0
  19061230        0.0        0.0        0.0
  19061231        0.5        0.5        0.6
