        Detrended 2015     Detrended 1995
        T (graden Q (j/cm2)T (gradeQ (j/cm2)
19010101     -3.14   260.70   -3.79  260.70
19010102     -0.34   131.33   -0.99  131.33
19010103     -1.04   131.33   -1.69  131.33
19010104     -4.64   133.06   -5.29  133.06
19010105     -4.14   309.01   -4.79  309.01
19010106     -8.14   426.42   -8.79  426.42
19010107     -7.34   270.77   -7.99  270.77
19010108     -3.14   231.47   -3.79  231.47
19010109      2.86   155.70    2.21  155.70
19010110      3.26   332.82    2.61  332.82
19010111     -0.44   401.36   -1.09  401.36
19010112     -4.54   163.39   -5.19  163.39
19010113     -2.74   152.78   -3.39  152.78
19010114     -0.84   471.39   -1.49  471.39
19010115      2.36   173.43    1.71  173.43
19010116      1.16   465.80    0.51  465.80
19010117      3.56   267.71    2.91  267.71
19010118      1.36   345.85    0.71  345.85
19010119      5.26   167.00    4.61  167.00
19010120      7.36   167.62    6.71  167.62
19010121      8.86   200.59    8.21  200.59
19010122      8.96   180.69    8.31  180.69
19010123      3.76   478.59    3.11  478.59
19010124      3.36   182.99    2.71  182.99
19010125      7.46   563.82    6.81  563.82
19010126      5.86   322.14    5.21  322.14
19010127      9.06   186.62    8.41  186.62
19010128      4.76   227.47    4.11  227.47
19010129      1.26   237.04    0.61  237.04
19010130      2.46   371.82    1.81  371.82
19010131      2.36   247.63    1.71  247.63
19010201      1.76   205.63    1.11  205.63
19010202      0.66   250.22    0.01  250.22
19010203      0.36   352.76   -0.29  352.76
19010204     -2.64   217.73   -3.29  217.73
19010205     -0.04   246.05   -0.69  246.05
19010206     -0.24   232.73   -0.89  232.73
19010207     -0.74   675.43   -1.39  675.43
19010208      3.36   439.72    2.71  439.72
19010209      3.76   238.46    3.11  238.46
19010210      3.86   243.65    3.21  243.65
19010211      1.66   794.22    1.01  794.22
19010212     -0.14   578.40   -0.79  578.40
19010213     -3.74   821.80   -4.39  821.80
19010214     -5.74   388.13   -6.39  388.13
19010215     -4.24   862.42   -4.89  862.42
19010216      3.56   280.70    2.91  280.70
19010217      0.76   442.38    0.11  442.38
19010218     -0.54   299.32   -1.19  299.32
19010219     -0.34   288.58   -0.99  288.58
19010220     -4.74   970.64   -5.39  970.64
19010221     -3.34   744.16   -3.99  744.16
19010222      0.06   304.13   -0.59  304.13
19010223      3.36   309.31    2.71  309.31
19010224      3.86   314.50    3.21  314.50
19010225      5.36   319.68    4.71  319.68
19010226      4.66   400.01    4.01  400.01
19010227      6.16   331.78    5.51  331.78
19010228      7.16   408.48    6.51  408.48
19010301      6.86   342.14    6.21  342.14
19010302      8.06   349.06    7.41  349.06
19010303      8.16   533.41    7.51  533.41
19010304      7.06   692.72    6.41  692.72
19010305      8.66   366.34    8.01  366.34
19010306      6.56   371.52    5.91  371.52
19010307      5.86   378.43    5.21  378.43
19010308      6.16   609.99    5.51  609.99
19010309      4.36   388.80    3.71  388.80
19010310      3.66   395.71    3.01  395.71
19010311      3.86   400.90    3.21  400.90
19010312      6.36   808.89    5.71  808.89
19010313      6.56  1004.85    5.91 1004.85
19010314      5.66   762.08    5.01  762.08
19010315      7.46   723.71    6.81  723.71
19010316      9.16   529.11    8.51  529.11
19010317      7.26   510.89    6.61  510.89
19010318      5.66   444.10    5.01  444.10
19010319      5.36   451.01    4.71  451.01
19010320      4.76   456.19    4.11  456.19
19010321      3.56  1282.94    2.91 1282.94
19010322      2.96  1231.50    2.31 1231.50
19010323      3.86   742.26    3.21  742.26
19010324      3.96  1222.82    3.31 1222.82
19010325      2.16   665.31    1.51  665.31
19010326      0.56  1253.61   -0.09 1253.61
19010327      0.36   737.95   -0.29  737.95
19010328      0.66   887.40    0.01  887.40
19010329      1.36  1072.03    0.71 1072.03
19010330      6.26   518.40    5.61  518.40
19010331      9.86   538.30    9.21  538.30
19010401      9.00  1353.46    8.33 1313.61
19010402      9.40  1576.73    8.73 1530.31
19010403     13.20   582.41   12.53  565.26
19010404     10.30   984.50    9.63  955.51
19010405      6.80   743.64    6.13  721.75
19010406      8.00   803.60    7.33  779.94
19010407     11.70   623.56   11.03  605.20
19010408     12.40  1614.53   11.73 1567.00
19010409     11.70  1472.49   11.03 1429.14
19010410     10.00  1349.20    9.33 1309.47
19010411     10.20   703.58    9.53  682.86
19010412      8.40  1140.07    7.73 1106.50
19010413      7.60  1592.91    6.93 1546.02
19010414      9.80   815.68    9.13  791.66
19010415      7.70  1173.21    7.03 1138.67
19010416      6.50   866.84    5.83  841.32
19010417      6.90   951.81    6.23  923.79
19010418      8.00  2003.16    7.33 1944.18
19010419     11.20  1637.11   10.53 1588.91
19010420     14.80  2190.45   14.13 2125.96
19010421     17.40  2305.41   16.73 2237.54
19010422     18.60  2363.15   17.93 2293.58
19010423     16.80  2342.50   16.13 2273.53
19010424     15.30  1903.12   14.63 1847.09
19010425     15.50  2419.72   14.83 2348.48
19010426      7.80  1933.01    7.13 1876.10
19010427      9.10  1540.38    8.43 1495.03
19010428     11.70   833.47   11.03  808.93
19010429     11.70  1853.70   11.03 1799.12
19010430     11.90  1596.68   11.23 1549.67
19010501     10.50   747.48    9.83  725.48
19010502     13.60  1827.73   12.93 1773.91
19010503     15.00  2606.80   14.33 2530.05
19010504     11.10  1854.80   10.43 1800.19
19010505      9.90   766.03    9.23  743.48
19010506     11.10  1031.78   10.43 1001.40
19010507     10.20  1080.31    9.53 1048.50
19010508     10.40  1636.62    9.73 1588.44
19010509     11.30  1512.12   10.63 1467.60
19010510     11.60  1878.09   10.93 1822.80
19010511     12.60  2176.90   11.93 2112.81
19010512     13.30  1806.08   12.63 1752.91
19010513     14.70  1908.95   14.03 1852.75
19010514     16.00  2688.62   15.33 2609.46
19010515     13.90  2359.34   13.23 2289.87
19010516     12.00  1157.46   11.33 1123.39
19010517     11.30  1231.69   10.63 1195.43
19010518     10.20  1745.24    9.53 1693.85
19010519     12.10  1776.31   11.43 1724.01
19010520     12.70  2180.35   12.03 2116.16
19010521     16.40  2775.15   15.73 2693.45
19010522     16.50  2834.52   15.83 2751.07
19010523     14.80  2469.33   14.13 2396.63
19010524     16.30  2735.07   15.63 2654.54
19010525     15.80  2343.08   15.13 2274.10
19010526     19.00  1517.88   18.33 1473.19
19010527     16.00  2071.42   15.33 2010.44
19010528     18.00  2416.83   17.33 2345.67
19010529     20.80  2638.79   20.13 2561.10
19010530     20.70  1655.11   20.03 1606.38
19010531     19.60  1032.13   18.93 1001.74
19010601     20.80  1908.71   20.13 1852.52
19010602     18.40  2350.93   17.73 2281.71
19010603     17.90  1258.32   17.23 1221.27
19010604     17.10  2800.99   16.43 2718.52
19010605     18.10  2855.95   17.43 2771.87
19010606     18.50  2469.26   17.83 2396.56
19010607     15.40  2843.51   14.73 2759.79
19010608     16.10  2652.31   15.43 2574.22
19010609     16.90  2262.64   16.23 2196.02
19010610     17.10  2366.44   16.43 2296.77
19010611     14.70  1920.82   14.03 1864.27
19010612     12.80  1006.93   12.13  977.28
19010613     11.90  2048.91   11.23 1988.58
19010614     13.10  1307.38   12.43 1268.89
19010615     13.60  1705.15   12.93 1654.95
19010616     13.40  1978.63   12.73 1920.37
19010617     11.50   961.33   10.83  933.03
19010618     11.30  1359.94   10.63 1319.91
19010619     14.30  2356.47   13.63 2287.10
19010620     17.80  1011.16   17.13  981.39
19010621     20.70  1083.63   20.03 1051.72
19010622     23.60  1135.72   22.93 1102.29
19010623     20.40  2406.30   19.73 2335.45
19010624     16.10  1135.72   15.43 1102.29
19010625     15.80  1434.68   15.13 1392.44
19010626     15.40  2053.21   14.73 1992.76
19010627     15.80  1605.71   15.13 1558.44
19010628     18.70  2873.63   18.03 2789.02
19010629     19.40  2867.60   18.73 2783.18
19010630     20.70  1205.40   20.03 1169.91
19010701     17.70   881.03   17.03  855.09
19010702     19.20  1496.79   18.53 1452.72
19010703     18.30  1099.19   17.63 1066.83
19010704     20.60  2898.84   19.93 2813.49
19010705     18.00  1933.29   17.33 1876.37
19010706     19.50  2616.55   18.83 2539.51
19010707     17.20  1116.72   16.53 1083.84
19010708     17.70  1798.78   17.03 1745.82
19010709     19.30  2502.31   18.63 2428.64
19010710     22.80  2423.95   22.13 2352.58
19010711     24.80  2922.51   24.13 2836.47
19010712     26.10  2892.05   25.43 2806.90
19010713     24.00  2234.26   23.33 2168.48
19010714     18.60  1023.25   17.93  993.13
19010715     18.20  1476.56   17.53 1433.09
19010716     20.50  2663.68   19.83 2585.26
19010717     21.70  2419.68   21.03 2348.44
19010718     23.60  2741.09   22.93 2660.39
19010719     23.20  2735.07   22.53 2654.54
19010720     23.30  2487.44   22.63 2414.20
19010721     23.70  2640.61   23.03 2562.86
19010722     20.70  1111.14   20.03 1078.43
19010723     19.70  1970.67   19.03 1912.65
19010724     19.60  2309.75   18.93 2241.75
19010725     19.50  1929.95   18.83 1873.13
19010726     18.20  1691.39   17.53 1641.59
19010727     18.30   997.30   17.63  967.94
19010728     19.60  1740.38   18.93 1689.14
19010729     21.40  1935.98   20.73 1878.98
19010730     22.70  2399.89   22.03 2329.23
19010731     22.20  2052.61   21.53 1992.17
19010801     21.00  1507.68   20.33 1463.30
19010802     20.50  2073.04   19.83 2012.01
19010803     18.90  1732.59   18.23 1681.57
19010804     19.40  1373.31   18.73 1332.88
19010805     18.60  1472.46   17.93 1429.11
19010806     16.20   771.60   15.53  748.88
19010807     18.40  1239.59   17.73 1203.10
19010808     20.90  1273.32   20.23 1235.84
19010809     22.50  2117.71   21.83 2055.36
19010810     24.50  2059.92   23.83 1999.27
19010811     20.70   978.53   20.03  949.72
19010812     18.70  2034.49   18.03 1974.59
19010813     17.90  1522.63   17.23 1477.80
19010814     20.60  2291.46   19.93 2224.00
19010815     18.20   806.74   17.53  782.99
19010816     17.60  1836.62   16.93 1782.54
19010817     17.30  2265.05   16.63 2198.37
19010818     20.20  1828.25   19.53 1774.42
19010819     21.20  2190.24   20.53 2125.75
19010820     18.20  1308.38   17.53 1269.86
19010821     18.20  1297.97   17.53 1259.76
19010822     18.00  1616.28   17.33 1568.69
19010823     18.50  2140.25   17.83 2077.24
19010824     17.70  1894.52   17.03 1838.74
19010825     18.00  2256.29   17.33 2189.86
19010826     17.40  1298.42   16.73 1260.19
19010827     15.10  1583.58   14.43 1536.96
19010828     14.70  1698.62   14.03 1648.61
19010829     13.80   956.55   13.13  928.39
19010830     16.20   695.86   15.53  675.37
19010831     17.20   634.34   16.53  615.66
19010901     14.60  1017.48   13.93  987.53
19010902     14.60   833.36   13.93  808.82
19010903     15.50  1606.93   14.83 1559.62
19010904     15.40  1759.10   14.73 1707.31
19010905     14.00  1573.15   13.33 1526.84
19010906     13.60  1592.35   12.93 1545.46
19010907     14.80   841.07   14.13  816.31
19010908     17.00   816.69   16.33  792.65
19010909     19.50   613.18   18.83  595.13
19010910     19.30   830.81   18.63  806.35
19010911     16.60   870.59   15.93  844.96
19010912     16.70  1441.60   16.03 1399.15
19010913     16.20  1567.53   15.53 1521.38
19010914     15.20   547.16   14.53  531.06
19010915     15.00   541.60   14.33  525.65
19010916     15.80   807.16   15.13  783.40
19010917     15.70   528.62   15.03  513.05
19010918     15.00   963.99   14.33  935.60
19010919     13.80  1428.46   13.13 1386.40
19010920     17.50   882.73   16.83  856.74
19010921     21.20  1434.86   20.53 1392.62
19010922     19.40  1293.27   18.73 1255.19
19010923     20.70  1273.96   20.03 1236.46
19010924     19.10   973.82   18.43  945.15
19010925     18.90   559.22   18.23  542.75
19010926     18.10   471.12   17.43  457.25
19010927     15.50  1381.30   14.83 1340.63
19010928     14.90  1333.54   14.23 1294.28
19010929     16.50  1241.04   15.83 1204.50
19010930     16.90   983.03   16.23  954.08
19011001     17.86  1203.59   17.21 1203.59
19011002     18.46   438.44   17.81  438.44
19011003     17.36   397.44   16.71  397.44
19011004     14.56   557.59   13.91  557.59
19011005     14.16   775.16   13.51  775.16
19011006     11.16   380.16   10.51  380.16
19011007     10.56   754.30    9.91  754.30
19011008     11.06   636.97   10.41  636.97
19011009     13.06   577.02   12.41  577.02
19011010     10.56   789.90    9.91  789.90
19011011     12.06   372.32   11.41  372.32
19011012     11.16  1035.11   10.51 1035.11
19011013     10.06   703.91    9.41  703.91
19011014     10.56   391.75    9.91  391.75
19011015     10.86   404.24   10.21  404.24
19011016     11.96   580.47   11.31  580.47
19011017     13.76   541.31   13.11  541.31
19011018     15.16   752.21   14.51  752.21
19011019     13.86   463.16   13.21  463.16
19011020     12.86   404.37   12.21  404.37
19011021     12.06   297.22   11.41  297.22
19011022     10.36   554.63    9.71  554.63
19011023     10.06   552.84    9.41  552.84
19011024      9.86   352.90    9.21  352.90
19011025     11.36   293.84   10.71  293.84
19011026      9.36   733.34    8.71  733.34
19011027      8.16   824.79    7.51  824.79
19011028     11.06   653.83   10.41  653.83
19011029     11.36   286.41   10.71  286.41
19011030     10.56   453.88    9.91  453.88
19011031      7.46   864.14    6.81  864.14
19011101      7.66   832.45    7.01  832.45
19011102      7.36   800.39    6.71  800.39
19011103      5.56   776.51    4.91  776.51
19011104      3.56   667.49    2.91  667.49
19011105      2.96   722.52    2.31  722.52
19011106      4.06   354.45    3.41  354.45
19011107     10.36   254.44    9.71  254.44
19011108     10.76   214.27   10.11  214.27
19011109     10.56   210.82    9.91  210.82
19011110     10.66   207.36   10.01  207.36
19011111     11.46   202.18   10.81  202.18
19011112      9.36   248.98    8.71  248.98
19011113      9.76   195.26    9.11  195.26
19011114      7.06   224.15    6.41  224.15
19011115      3.66   373.60    3.01  373.60
19011116      2.66   558.98    2.01  558.98
19011117      4.26   507.74    3.61  507.74
19011118      7.96   177.98    7.31  177.98
19011119     11.16   176.26   10.51  176.26
19011120     12.06   174.53   11.41  174.53
19011121     11.66   169.34   11.01  169.34
19011122      7.16   165.89    6.51  165.89
19011123      2.26   487.06    1.61  487.06
19011124      1.06   445.20    0.41  445.20
19011125      5.26   217.05    4.61  217.05
19011126      6.36   155.52    5.71  155.52
19011127      1.56   153.79    0.91  153.79
19011128      6.16   254.62    5.51  254.62
19011129      7.36   232.13    6.71  232.13
19011130      9.16   167.52    8.51  167.52
19011201     10.06   145.15    9.41  145.15
19011202      9.66   143.42    9.01  143.42
19011203      8.66   225.31    8.01  225.31
19011204      2.66   450.68    2.01  450.68
19011205     -1.24   367.43   -1.89  367.43
19011206      1.06   136.51    0.41  136.51
19011207      8.56   134.78    7.91  134.78
19011208     11.56   133.06   10.91  133.06
19011209      7.26   148.01    6.61  148.01
19011210      6.16   234.66    5.51  234.66
19011211      3.76   129.60    3.11  129.60
19011212      2.66   129.60    2.01  129.60
19011213      6.36   131.47    5.71  131.47
19011214      3.86   127.87    3.21  127.87
19011215      1.86   232.48    1.21  232.48
19011216      0.46   126.14   -0.19  126.14
19011217     -1.94   303.38   -2.59  303.38
19011218      0.86   124.42    0.21  124.42
19011219     -0.14   124.42   -0.79  124.42
19011220      1.96   124.42    1.31  124.42
19011221      1.96   124.42    1.31  124.42
19011222      2.16   124.42    1.51  124.42
19011223      1.76   124.42    1.11  124.42
19011224      3.46   124.42    2.81  124.42
19011225      7.16   246.78    6.51  246.78
19011226      5.76   169.87    5.11  169.87
19011227      4.66   317.55    4.01  317.55
19011228      3.26   189.95    2.61  189.95
19011229      8.06   204.13    7.41  204.13
19011230     10.46   127.87    9.81  127.87
19011231     12.76   145.84   12.11  145.84
