# Transformed daily mean global radiation [kJ/m2] according to KNMI'14 transformation tool,
# version v1.1
# Deltas are derived from the 2030 decadal prediction
#
# Bakker A., 2014. Time series transformation tool: description of the program to
# generate time series consistent with the KNMI'14 climate scenarios, TR-349
#
# Daily global radiation [kJ/m2] De Bilt 1901-2014 (station 260) of Royal Netherlands Meteorological Institute (KNMI)
# Detrended to 2014 (second column, Versteeg/STOWA, 2015) and detrended to 1995 (third column, Versteeg/STOWA, 2015)
00000000      260      260
00000000  141.000  141.000
00000000  457.000  457.000
00000000    5.183    5.183
00000000   52.100   52.100
19010101  2564.69  2564.69
19010102  1291.99  1291.99
19010103  1291.99  1291.99
19010104  1309.00  1309.00
19010105  3039.95  3039.95
19010106  4194.99  4194.99
19010107  2663.75  2663.75
19010108  2277.13  2277.13
19010109  1531.73  1531.73
19010110  3274.18  3274.18
19010111  3948.46  3948.46
19010112  1607.38  1607.38
19010113  1503.00  1503.00
19010114  4637.39  4637.39
19010115  1706.15  1706.15
19010116  4582.40  4582.40
19010117  2633.65  2633.65
19010118  3402.37  3402.37
19010119  1642.90  1642.90
19010120  1649.00  1649.00
19010121  1973.34  1973.34
19010122  1777.57  1777.57
19010123  4708.22  4708.22
19010124  1800.20  1800.20
19010125  5546.69  5546.69
19010126  3169.12  3169.12
19010127  1835.91  1835.91
19010128  2237.78  2237.78
19010129  2331.93  2331.93
19010130  3657.85  3657.85
19010131  2436.11  2436.11
19010201  2020.62  2020.62
19010202  2458.79  2458.79
19010203  3466.40  3466.40
19010204  2139.52  2139.52
19010205  2417.81  2417.81
19010206  2286.92  2286.92
19010207  6637.11  6637.11
19010208  4320.91  4320.91
19010209  2343.23  2343.23
19010210  2394.23  2394.23
19010211  7804.40  7804.40
19010212  5683.65  5683.65
19010213  8075.42  8075.42
19010214  3813.96  3813.96
19010215  8474.57  8474.57
19010216  2758.30  2758.30
19010217  4347.05  4347.05
19010218  2941.27  2941.27
19010219  2835.73  2835.73
19010220  9537.99  9537.99
19010221  7312.49  7312.49
19010222  2988.53  2988.53
19010223  3039.43  3039.43
19010224  3090.43  3090.43
19010225  3141.34  3141.34
19010226  3930.70  3930.70
19010227  3260.24  3260.24
19010228  4013.93  4013.93
19010301  3354.20  3354.20
19010302  3422.04  3422.04
19010303  5229.34  5229.34
19010304  6791.15  6791.15
19010305  3591.45  3591.45
19010306  3642.23  3642.23
19010307  3709.98  3709.98
19010308  5980.10  5980.10
19010309  3811.64  3811.64
19010310  3879.38  3879.38
19010311  3930.26  3930.26
19010312  7930.03  7930.03
19010313  9851.15  9851.15
19010314  7471.13  7471.13
19010315  7094.96  7094.96
19010316  5187.18  5187.18
19010317  5008.56  5008.56
19010318  4353.78  4353.78
19010319  4421.52  4421.52
19010320  4472.30  4472.30
19010321 12577.43 12577.43
19010322 12073.13 12073.13
19010323  7276.82  7276.82
19010324 11988.04 11988.04
19010325  6522.43  6522.43
19010326 12289.89 12289.89
19010327  7234.57  7234.57
19010328  8699.71  8699.71
19010329 10509.75 10509.75
19010330  5082.19  5082.19
19010331  5277.28  5277.28
19010401 13303.02 12911.34
19010402 15497.52 15041.26
19010403  5724.45  5555.88
19010404  9676.55  9391.61
19010405  7309.16  7094.01
19010406  7898.50  7665.95
19010407  6128.91  5948.45
19010408 15869.05 15401.89
19010409 14472.96 14046.87
19010410 13261.15 12870.65
19010411  6915.42  6711.76
19010412 11205.63 10875.68
19010413 15656.55 15195.68
19010414  8017.24  7781.15
19010415 11531.36 11191.87
19010416  8520.08  8269.25
19010417  9355.25  9079.84
19010418 19688.86 19109.15
19010419 16090.99 15617.24
19010420 21529.71 20895.85
19010421 22659.64 21992.56
19010422 23227.17 22543.37
19010423 23024.20 22346.30
19010424 18705.58 18154.86
19010425 23783.19 23082.98
19010426 18999.36 18440.00
19010427 15140.24 14694.50
19010428  8192.09  7950.89
19010429 18219.83 17683.37
19010430 15693.61 15231.55
19010501  7414.03  7195.82
19010502 18128.71 17594.88
19010503 25856.07 25094.81
19010504 18397.20 17855.54
19010505  7598.02  7374.36
19010506 10233.92  9932.59
19010507 10715.27 10399.76
19010508 16233.14 15755.26
19010509 14998.26 14556.68
19010510 18628.21 18079.81
19010511 21592.02 20956.33
19010512 17913.97 17386.59
19010513 18934.30 18376.87
19010514 26667.62 25882.45
19010515 23401.59 22712.53
19010516 11480.50 11142.57
19010517 12216.76 11857.11
19010518 17310.51 16800.79
19010519 17618.69 17099.94
19010520 21626.24 20989.56
19010521 27525.88 26715.52
19010522 28114.75 27287.04
19010523 24492.54 23771.45
19010524 27128.34 26329.59
19010525 23240.31 22556.12
19010526 15055.40 14612.13
19010527 20545.79 19940.95
19010528 23971.81 23266.00
19010529 26173.37 25402.78
19010530 16416.54 15933.20
19010531 10237.39  9935.96
19010601 19284.16 18670.06
19010602 23752.02 22995.53
19010603 12713.11 12308.20
19010604 28299.09 27397.78
19010605 28854.36 27935.46
19010606 24947.54 24153.01
19010607 28728.68 27813.71
19010608 26796.94 25943.50
19010609 22860.00 22131.93
19010610 23908.72 23147.30
19010611 19406.51 18788.48
19010612 10173.26  9849.22
19010613 20700.64 20041.30
19010614 13208.78 12788.13
19010615 17227.55 16678.92
19010616 19990.58 19353.87
19010617  9712.55  9403.26
19010618 13739.81 13302.32
19010619 23807.99 23049.85
19010620 10216.00  9890.64
19010621 10948.18 10599.44
19010622 11474.46 11109.10
19010623 24311.44 23537.13
19010624 11474.46 11109.10
19010625 14494.92 14033.29
19010626 20744.08 20083.43
19010627 16222.88 15706.27
19010628 29032.99 28108.30
19010629 28972.06 28049.44
19010630 12178.45 11790.59
19010701  8979.75  8731.79
19010702 15255.78 14834.51
19010703 11203.31 10893.98
19010704 29545.93 28730.07
19010705 19704.73 19160.63
19010706 26668.74 25932.31
19010707 11381.98 11067.68
19010708 18333.76 17827.51
19010709 25504.37 24800.16
19010710 24705.69 24023.47
19010711 29787.18 28964.73
19010712 29476.72 28662.77
19010713 22772.31 22143.52
19010714 10429.30 10141.39
19010715 15049.58 14634.06
19010716 27149.10 26399.49
19010717 24662.17 23981.19
19010718 27938.09 27166.68
19010719 27876.73 27106.94
19010720 25352.81 24652.70
19010721 26913.96 26170.75
19010722 11325.10 11012.43
19010723 20085.72 19531.10
19010724 23541.73 22891.72
19010725 19670.68 19127.54
19010726 17239.20 16763.16
19010727 10164.81  9884.16
19010728 17738.52 17248.72
19010729 19732.14 19187.28
19010730 24460.47 23785.03
19010731 20920.88 20343.13
19010801 15491.43 14997.04
19010802 21300.50 20620.64
19010803 17802.38 17234.04
19010804 14110.77 13660.39
19010805 15129.54 14646.63
19010806  7928.20  7675.10
19010807 12736.80 12330.30
19010808 13083.37 12665.85
19010809 21759.49 21064.93
19010810 21165.70 20490.07
19010811 10054.40  9733.47
19010812 20904.40 20237.13
19010813 15645.04 15145.64
19010814 23544.77 22793.28
19010815  8289.26  8024.69
19010816 18871.29 18268.86
19010817 23273.41 22530.60
19010818 18785.28 18185.64
19010819 22504.74 21786.34
19010820 13443.62 13014.51
19010821 13336.65 12911.00
19010822 16607.29 16077.15
19010823 21991.09 21289.17
19010824 19466.21 18844.84
19010825 23183.40 22443.39
19010826 13341.28 12915.41
19010827 16271.30 15751.96
19010828 17453.34 16896.24
19010829  9828.56  9514.86
19010830  7149.97  6921.72
19010831  6517.85  6309.76
19010901 10429.61 10101.15
19010902  8542.30  8273.18
19010903 16471.73 15952.89
19010904 18031.54 17463.56
19010905 16125.47 15617.59
19010906 16322.28 15808.05
19010907  8621.33  8349.79
19010908  8371.43  8107.78
19010909  6285.36  6087.41
19010910  8516.16  8247.91
19010911  8923.93  8642.84
19010912 14777.03 14311.49
19010913 16067.87 15561.74
19010914  5608.63  5432.05
19010915  5551.64  5376.72
19010916  8273.74  8013.16
19010917  5418.59  5247.83
19010918  9881.32  9569.97
19010919 14642.34 14181.07
19010920  9048.37  8763.34
19010921 14707.94 14244.69
19010922 13256.58 12838.96
19010923 13058.65 12647.38
19010924  9982.08  9667.66
19010925  5732.25  5551.63
19010926  4829.19  4677.07
19010927 14158.93 13712.90
19010928 13669.37 13238.80
19010929 12721.20 12320.47
19010930 10076.49  9759.00
19011001 12085.58 12085.58
19011002  4402.50  4402.50
19011003  3990.80  3990.80
19011004  5598.91  5598.91
19011005  7783.59  7783.59
19011006  3817.29  3817.29
19011007  7574.13  7574.13
19011008  6395.99  6395.99
19011009  5794.02  5794.02
19011010  7931.60  7931.60
19011011  3738.57  3738.57
19011012 10393.82 10393.82
19011013  7068.15  7068.15
19011014  3933.67  3933.67
19011015  4059.08  4059.08
19011016  5828.66  5828.66
19011017  5435.44  5435.44
19011018  7553.15  7553.15
19011019  4650.72  4650.72
19011020  4060.39  4060.39
19011021  2984.47  2984.47
19011022  5569.19  5569.19
19011023  5551.22  5551.22
19011024  3543.57  3543.57
19011025  2950.53  2950.53
19011026  7363.67  7363.67
19011027  8281.94  8281.94
19011028  6565.29  6565.29
19011029  2875.92  2875.92
19011030  4557.53  4557.53
19011031  8677.07  8677.07
19011101  8210.79  8210.79
19011102  7894.57  7894.57
19011103  7659.03  7659.03
19011104  6583.72  6583.72
19011105  7126.50  7126.50
19011106  3496.08  3496.08
19011107  2509.64  2509.64
19011108  2113.43  2113.43
19011109  2079.40  2079.40
19011110  2045.27  2045.27
19011111  1994.18  1994.18
19011112  2455.79  2455.79
19011113  1925.93  1925.93
19011114  2210.88  2210.88
19011115  3684.97  3684.97
19011116  5513.44  5513.44
19011117  5008.04  5008.04
19011118  1755.49  1755.49
19011119  1738.52  1738.52
19011120  1721.46  1721.46
19011121  1670.27  1670.27
19011122  1636.24  1636.24
19011123  4804.07  4804.07
19011124  4391.19  4391.19
19011125  2140.85  2140.85
19011126  1533.96  1533.96
19011127  1516.89  1516.89
19011128  2511.42  2511.42
19011129  2289.59  2289.59
19011130  1652.32  1652.32
19011201  1420.60  1420.60
19011202  1403.67  1403.67
19011203  2205.13  2205.13
19011204  4410.85  4410.85
19011205  3596.07  3596.07
19011206  1336.04  1336.04
19011207  1319.11  1319.11
19011208  1302.27  1302.27
19011209  1448.59  1448.59
19011210  2296.64  2296.64
19011211  1268.41  1268.41
19011212  1268.41  1268.41
19011213  1286.71  1286.71
19011214  1251.48  1251.48
19011215  2275.31  2275.31
19011216  1234.54  1234.54
19011217  2969.21  2969.21
19011218  1217.71  1217.71
19011219  1217.71  1217.71
19011220  1217.71  1217.71
19011221  1217.71  1217.71
19011222  1217.71  1217.71
19011223  1217.71  1217.71
19011224  1217.71  1217.71
19011225  2415.26  2415.26
19011226  1662.53  1662.53
19011227  3107.89  3107.89
19011228  1859.06  1859.06
19011229  1997.84  1997.84
19011230  1251.48  1251.48
19011231  1427.35  1427.35
