Statnrjaar  maand dag   precip  precip.hom    precip.hom.detrend2014      precip.hom.detrend1995
   550  1906     1     1    0.00          0.00                      0.00                      0.00
   550  1906     1     2    0.00          0.00                      0.00                      0.00
   550  1906     1     3    0.00          0.00                      0.00                      0.00
   550  1906     1     4    0.30          0.34                      0.42                      0.39
   550  1906     1     5   13.40         13.68                     17.25                     16.08
   550  1906     1     6    9.30          9.49                     11.97                     11.16
   550  1906     1     7   10.80         11.20                     14.13                     13.17
   550  1906     1     8    7.30          7.42                      9.35                      8.72
   550  1906     1     9    3.10          3.15                      3.97                      3.70
   550  1906     1    10    3.00          3.12                      3.93                      3.67
   550  1906     1    11    0.00          0.00                      0.00                      0.00
   550  1906     1    12    2.30          2.37                      2.98                      2.78
   550  1906     1    13   10.00         10.22                     12.89                     12.02
   550  1906     1    14    8.20          8.41                     10.61                      9.89
   550  1906     1    15    0.00          0.00                      0.00                      0.00
   550  1906     1    16    0.50          0.52                      0.65                      0.61
   550  1906     1    17   14.30         14.59                     18.40                     17.16
   550  1906     1    18    0.00          0.00                      0.00                      0.00
   550  1906     1    19   11.00         11.31                     14.27                     13.30
   550  1906     1    20    3.10          3.17                      4.00                      3.73
   550  1906     1    21    3.00          3.15                      3.97                      3.70
   550  1906     1    22    2.70          2.74                      3.45                      3.22
   550  1906     1    23    0.00          0.00                      0.00                      0.00
   550  1906     1    24    0.00          0.00                      0.00                      0.00
   550  1906     1    25    0.00          0.00                      0.00                      0.00
   550  1906     1    26    5.00          5.18                      6.53                      6.09
   550  1906     1    27    0.80          0.83                      1.04                      0.97
   550  1906     1    28    0.00          0.00                      0.00                      0.00
   550  1906     1    29    0.70          0.75                      0.94                      0.88
   550  1906     1    30    3.30          3.38                      4.26                      3.98
   550  1906     1    31    0.10          0.11                      0.14                      0.13
   550  1906     2     1    0.20          0.21                      0.26                      0.25
   550  1906     2     2    1.30          1.36                      1.72                      1.60
   550  1906     2     3    4.80          4.96                      6.25                      5.83
   550  1906     2     4    3.70          3.83                      4.84                      4.51
   550  1906     2     5    0.10          0.11                      0.14                      0.13
   550  1906     2     6    0.00          0.00                      0.00                      0.00
   550  1906     2     7    0.10          0.11                      0.13                      0.13
   550  1906     2     8    0.40          0.42                      0.53                      0.50
   550  1906     2     9    7.70          7.88                      9.94                      9.27
   550  1906     2    10    1.20          1.25                      1.58                      1.47
   550  1906     2    11    4.10          4.42                      5.58                      5.20
   550  1906     2    12    1.00          1.04                      1.31                      1.22
   550  1906     2    13    0.00          0.00                      0.00                      0.00
   550  1906     2    14    0.20          0.21                      0.26                      0.24
   550  1906     2    15    0.00          0.00                      0.00                      0.00
   550  1906     2    16    0.00          0.00                      0.00                      0.00
   550  1906     2    17    0.30          0.34                      0.43                      0.40
   550  1906     2    18   11.30         11.51                     14.51                     13.53
   550  1906     2    19    0.20          0.21                      0.26                      0.25
   550  1906     2    20    0.90          0.93                      1.17                      1.09
   550  1906     2    21    6.40          6.69                      8.44                      7.87
   550  1906     2    22    3.50          3.62                      4.57                      4.26
   550  1906     2    23    0.00          0.00                      0.00                      0.00
   550  1906     2    24    0.00          0.00                      0.00                      0.00
   550  1906     2    25    0.00          0.00                      0.00                      0.00
   550  1906     2    26    2.00          2.13                      2.68                      2.50
   550  1906     2    27    0.20          0.20                      0.25                      0.24
   550  1906     2    28    0.90          0.93                      1.17                      1.09
   550  1906     3     1    5.40          5.61                      6.76                      6.48
   550  1906     3     2    5.40          5.57                      6.72                      6.44
   550  1906     3     3    2.80          2.84                      3.43                      3.29
   550  1906     3     4    0.00          0.00                      0.00                      0.00
   550  1906     3     5    0.00          0.00                      0.00                      0.00
   550  1906     3     6    0.00          0.00                      0.00                      0.00
   550  1906     3     7    0.00          0.00                      0.00                      0.00
   550  1906     3     8    0.00          0.00                      0.00                      0.00
   550  1906     3     9    9.90         10.04                     12.11                     11.60
   550  1906     3    10    2.80          2.88                      3.48                      3.33
   550  1906     3    11    0.80          0.84                      1.01                      0.97
   550  1906     3    12    3.10          3.24                      3.91                      3.74
   550  1906     3    13    2.80          2.89                      3.49                      3.34
   550  1906     3    14    0.00          0.00                      0.00                      0.00
   550  1906     3    15    1.00          1.06                      1.27                      1.22
   550  1906     3    16    7.50          7.72                      9.32                      8.92
   550  1906     3    17    3.70          3.82                      4.61                      4.42
   550  1906     3    18    0.00          0.00                      0.00                      0.00
   550  1906     3    19    0.80          0.81                      0.98                      0.94
   550  1906     3    20    0.20          0.22                      0.26                      0.25
   550  1906     3    21    0.00          0.00                      0.00                      0.00
   550  1906     3    22    0.00          0.00                      0.00                      0.00
   550  1906     3    23    0.00          0.00                      0.00                      0.00
   550  1906     3    24    0.20          0.22                      0.26                      0.25
   550  1906     3    25    0.40          0.42                      0.50                      0.48
   550  1906     3    26    4.30          4.38                      5.28                      5.06
   550  1906     3    27    0.00          0.00                      0.00                      0.00
   550  1906     3    28    0.00          0.00                      0.00                      0.00
   550  1906     3    29    0.90          0.93                      1.12                      1.07
   550  1906     3    30    0.10          0.11                      0.14                      0.13
   550  1906     3    31    0.10          0.11                      0.13                      0.13
   550  1906     4     1    0.20          0.21                      0.26                      0.25
   550  1906     4     2    0.00          0.00                      0.00                      0.00
   550  1906     4     3    0.00          0.00                      0.00                      0.00
   550  1906     4     4    0.00          0.00                      0.00                      0.00
   550  1906     4     5    0.00          0.00                      0.00                      0.00
   550  1906     4     6    0.00          0.00                      0.00                      0.00
   550  1906     4     7    0.00          0.00                      0.00                      0.00
   550  1906     4     8    0.00          0.00                      0.00                      0.00
   550  1906     4     9    0.00          0.00                      0.00                      0.00
   550  1906     4    10    0.00          0.00                      0.00                      0.00
   550  1906     4    11    0.00          0.00                      0.00                      0.00
   550  1906     4    12    0.00          0.00                      0.00                      0.00
   550  1906     4    13    0.20          0.20                      0.25                      0.24
   550  1906     4    14    0.00          0.00                      0.00                      0.00
   550  1906     4    15    0.00          0.00                      0.00                      0.00
   550  1906     4    16    0.00          0.00                      0.00                      0.00
   550  1906     4    17    0.00          0.00                      0.00                      0.00
   550  1906     4    18    0.00          0.00                      0.00                      0.00
   550  1906     4    19    9.40          9.63                     11.61                     11.12
   550  1906     4    20    0.60          0.61                      0.74                      0.71
   550  1906     4    21    0.00          0.00                      0.00                      0.00
   550  1906     4    22    2.10          2.14                      2.59                      2.48
   550  1906     4    23    0.60          0.62                      0.75                      0.72
   550  1906     4    24    1.10          1.13                      1.37                      1.31
   550  1906     4    25    3.30          3.32                      4.01                      3.84
   550  1906     4    26    0.00          0.00                      0.00                      0.00
   550  1906     4    27    2.10          2.13                      2.57                      2.46
   550  1906     4    28    0.00          0.00                      0.00                      0.00
   550  1906     4    29    6.90          7.06                      8.52                      8.16
   550  1906     4    30    0.40          0.42                      0.50                      0.48
   550  1906     5     1    6.30          6.36                      7.67                      7.34
   550  1906     5     2    3.50          3.57                      4.31                      4.13
   550  1906     5     3    3.30          3.38                      4.07                      3.90
   550  1906     5     4    7.10          7.16                      8.64                      8.27
   550  1906     5     5    0.00          0.00                      0.00                      0.00
   550  1906     5     6    0.00          0.00                      0.00                      0.00
   550  1906     5     7    0.00          0.00                      0.00                      0.00
   550  1906     5     8    0.00          0.00                      0.00                      0.00
   550  1906     5     9    0.00          0.00                      0.00                      0.00
   550  1906     5    10    0.00          0.00                      0.00                      0.00
   550  1906     5    11    7.00          7.09                      8.55                      8.19
   550  1906     5    12    0.00          0.00                      0.00                      0.00
   550  1906     5    13    0.00          0.00                      0.00                      0.00
   550  1906     5    14   15.70         15.73                     18.98                     18.18
   550  1906     5    15    8.10          8.21                      9.91                      9.49
   550  1906     5    16    3.10          3.16                      3.81                      3.65
   550  1906     5    17    0.00          0.00                      0.00                      0.00
   550  1906     5    18    1.00          1.02                      1.23                      1.17
   550  1906     5    19    3.00          3.07                      3.70                      3.55
   550  1906     5    20    0.10          0.11                      0.13                      0.12
   550  1906     5    21   15.60         15.88                     19.16                     18.35
   550  1906     5    22    1.50          1.53                      1.85                      1.77
   550  1906     5    23    0.00          0.00                      0.00                      0.00
   550  1906     5    24    0.00          0.00                      0.00                      0.00
   550  1906     5    25    9.20          9.25                     11.16                     10.68
   550  1906     5    26    0.30          0.31                      0.37                      0.36
   550  1906     5    27    5.30          5.40                      6.51                      6.24
   550  1906     5    28    1.50          1.56                      1.88                      1.80
   550  1906     5    29    0.00          0.00                      0.00                      0.00
   550  1906     5    30    0.00          0.00                      0.00                      0.00
   550  1906     5    31    0.00          0.00                      0.00                      0.00
   550  1906     6     1    0.10          0.11                      0.12                      0.11
   550  1906     6     2    4.50          4.55                      5.04                      4.81
   550  1906     6     3    0.80          0.84                      0.92                      0.88
   550  1906     6     4    0.90          0.93                      1.03                      0.98
   550  1906     6     5    0.00          0.00                      0.00                      0.00
   550  1906     6     6    0.00          0.00                      0.00                      0.00
   550  1906     6     7    0.00          0.00                      0.00                      0.00
   550  1906     6     8    0.00          0.00                      0.00                      0.00
   550  1906     6     9    0.00          0.00                      0.00                      0.00
   550  1906     6    10    0.00          0.00                      0.00                      0.00
   550  1906     6    11    0.00          0.00                      0.00                      0.00
   550  1906     6    12    0.00          0.00                      0.00                      0.00
   550  1906     6    13    0.00          0.00                      0.00                      0.00
   550  1906     6    14    0.00          0.00                      0.00                      0.00
   550  1906     6    15    0.00          0.00                      0.00                      0.00
   550  1906     6    16    7.90          7.93                      8.77                      8.37
   550  1906     6    17    0.80          0.81                      0.90                      0.85
   550  1906     6    18    5.50          5.53                      6.12                      5.84
   550  1906     6    19    0.20          0.21                      0.23                      0.22
   550  1906     6    20    0.00          0.00                      0.00                      0.00
   550  1906     6    21    0.00          0.00                      0.00                      0.00
   550  1906     6    22    0.00          0.00                      0.00                      0.00
   550  1906     6    23    6.50          6.52                      7.21                      6.88
   550  1906     6    24    0.00          0.00                      0.00                      0.00
   550  1906     6    25    0.10          0.11                      0.12                      0.11
   550  1906     6    26    0.00          0.00                      0.00                      0.00
   550  1906     6    27    0.00          0.00                      0.00                      0.00
   550  1906     6    28    0.00          0.00                      0.00                      0.00
   550  1906     6    29    8.40          8.43                      9.32                      8.90
   550  1906     6    30   11.90         12.05                     13.33                     12.73
   550  1906     7     1    0.10          0.10                      0.11                      0.11
   550  1906     7     2    0.20          0.20                      0.23                      0.22
   550  1906     7     3    0.00          0.00                      0.00                      0.00
   550  1906     7     4    0.00          0.00                      0.00                      0.00
   550  1906     7     5    0.00          0.00                      0.00                      0.00
   550  1906     7     6    3.70          3.73                      4.13                      3.94
   550  1906     7     7    0.00          0.00                      0.00                      0.00
   550  1906     7     8    0.00          0.00                      0.00                      0.00
   550  1906     7     9    0.00          0.00                      0.00                      0.00
   550  1906     7    10    0.00          0.00                      0.00                      0.00
   550  1906     7    11    0.00          0.00                      0.00                      0.00
   550  1906     7    12   39.20         39.44                     43.64                     41.65
   550  1906     7    13    2.80          2.86                      3.16                      3.02
   550  1906     7    14    2.10          2.11                      2.34                      2.23
   550  1906     7    15    0.00          0.00                      0.00                      0.00
   550  1906     7    16    2.00          2.05                      2.27                      2.16
   550  1906     7    17    0.00          0.00                      0.00                      0.00
   550  1906     7    18    0.00          0.00                      0.00                      0.00
   550  1906     7    19    0.00          0.00                      0.00                      0.00
   550  1906     7    20    5.70          5.75                      6.36                      6.07
   550  1906     7    21    1.80          1.82                      2.01                      1.92
   550  1906     7    22    0.00          0.00                      0.00                      0.00
   550  1906     7    23    0.10          0.11                      0.12                      0.11
   550  1906     7    24    0.00          0.00                      0.00                      0.00
   550  1906     7    25    0.70          0.71                      0.79                      0.75
   550  1906     7    26    0.00          0.00                      0.00                      0.00
   550  1906     7    27    0.00          0.00                      0.00                      0.00
   550  1906     7    28    1.60          1.61                      1.78                      1.70
   550  1906     7    29    0.00          0.00                      0.00                      0.00
   550  1906     7    30    0.00          0.00                      0.00                      0.00
   550  1906     7    31    0.00          0.00                      0.00                      0.00
   550  1906     8     1    0.80          0.81                      0.89                      0.85
   550  1906     8     2    0.00          0.00                      0.00                      0.00
   550  1906     8     3    2.90          2.94                      3.25                      3.10
   550  1906     8     4    0.00          0.00                      0.00                      0.00
   550  1906     8     5    8.60          8.63                      9.55                      9.11
   550  1906     8     6    0.00          0.00                      0.00                      0.00
   550  1906     8     7    0.00          0.00                      0.00                      0.00
   550  1906     8     8    0.00          0.00                      0.00                      0.00
   550  1906     8     9    0.00          0.00                      0.00                      0.00
   550  1906     8    10    0.70          0.71                      0.78                      0.75
   550  1906     8    11    4.00          4.04                      4.47                      4.27
   550  1906     8    12    0.80          0.81                      0.90                      0.86
   550  1906     8    13    0.00          0.00                      0.00                      0.00
   550  1906     8    14    5.80          5.83                      6.45                      6.16
   550  1906     8    15    7.80          7.86                      8.69                      8.30
   550  1906     8    16    3.40          3.45                      3.81                      3.64
   550  1906     8    17    5.20          5.26                      5.82                      5.55
   550  1906     8    18    5.50          5.57                      6.17                      5.89
   550  1906     8    19    2.60          2.67                      2.95                      2.81
   550  1906     8    20    0.00          0.00                      0.00                      0.00
   550  1906     8    21    0.10          0.10                      0.12                      0.11
   550  1906     8    22    0.30          0.30                      0.34                      0.32
   550  1906     8    23    0.00          0.00                      0.00                      0.00
   550  1906     8    24    0.00          0.00                      0.00                      0.00
   550  1906     8    25    0.90          0.92                      1.02                      0.97
   550  1906     8    26    7.30          7.43                      8.22                      7.85
   550  1906     8    27    3.70          3.75                      4.15                      3.96
   550  1906     8    28    0.50          0.52                      0.58                      0.55
   550  1906     8    29    0.00          0.00                      0.00                      0.00
   550  1906     8    30    0.00          0.00                      0.00                      0.00
   550  1906     8    31    0.00          0.00                      0.00                      0.00
   550  1906     9     1    0.00          0.00                      0.00                      0.00
   550  1906     9     2    0.00          0.00                      0.00                      0.00
   550  1906     9     3    0.00          0.00                      0.00                      0.00
   550  1906     9     4    0.00          0.00                      0.00                      0.00
   550  1906     9     5    0.00          0.00                      0.00                      0.00
   550  1906     9     6    0.10          0.10                      0.14                      0.13
   550  1906     9     7    2.30          2.32                      3.06                      2.88
   550  1906     9     8    0.00          0.00                      0.00                      0.00
   550  1906     9     9    0.00          0.00                      0.00                      0.00
   550  1906     9    10    0.10          0.10                      0.13                      0.13
   550  1906     9    11    7.00          7.09                      9.33                      8.78
   550  1906     9    12    0.00          0.00                      0.00                      0.00
   550  1906     9    13    0.00          0.00                      0.00                      0.00
   550  1906     9    14    0.00          0.00                      0.00                      0.00
   550  1906     9    15    0.10          0.10                      0.14                      0.13
   550  1906     9    16    5.60          5.68                      7.47                      7.03
   550  1906     9    17    5.40          5.41                      7.12                      6.70
   550  1906     9    18    5.50          5.56                      7.31                      6.88
   550  1906     9    19    4.70          4.73                      6.22                      5.85
   550  1906     9    20    1.90          1.92                      2.53                      2.38
   550  1906     9    21    0.50          0.51                      0.67                      0.63
   550  1906     9    22    0.00          0.00                      0.00                      0.00
   550  1906     9    23    0.00          0.00                      0.00                      0.00
   550  1906     9    24    0.00          0.00                      0.00                      0.00
   550  1906     9    25    0.00          0.00                      0.00                      0.00
   550  1906     9    26    0.20          0.20                      0.27                      0.25
   550  1906     9    27    0.10          0.10                      0.14                      0.13
   550  1906     9    28    0.10          0.10                      0.14                      0.13
   550  1906     9    29    0.20          0.20                      0.27                      0.25
   550  1906     9    30    0.10          0.10                      0.13                      0.13
   550  1906    10     1    0.00          0.00                      0.00                      0.00
   550  1906    10     2    1.00          1.02                      1.34                      1.26
   550  1906    10     3   23.80         24.01                     31.60                     29.72
   550  1906    10     4    1.00          1.04                      1.36                      1.28
   550  1906    10     5    0.00          0.00                      0.00                      0.00
   550  1906    10     6    3.50          3.52                      4.63                      4.35
   550  1906    10     7    0.00          0.00                      0.00                      0.00
   550  1906    10     8    0.00          0.00                      0.00                      0.00
   550  1906    10     9    0.10          0.10                      0.14                      0.13
   550  1906    10    10    0.00          0.00                      0.00                      0.00
   550  1906    10    11    0.00          0.00                      0.00                      0.00
   550  1906    10    12    0.10          0.11                      0.14                      0.13
   550  1906    10    13    0.00          0.00                      0.00                      0.00
   550  1906    10    14   12.40         12.48                     16.43                     15.45
   550  1906    10    15    0.30          0.31                      0.40                      0.38
   550  1906    10    16    0.10          0.11                      0.14                      0.13
   550  1906    10    17    1.90          1.92                      2.53                      2.38
   550  1906    10    18    0.00          0.00                      0.00                      0.00
   550  1906    10    19    0.00          0.00                      0.00                      0.00
   550  1906    10    20    0.10          0.11                      0.14                      0.13
   550  1906    10    21    0.00          0.00                      0.00                      0.00
   550  1906    10    22    0.10          0.11                      0.14                      0.13
   550  1906    10    23    0.00          0.00                      0.00                      0.00
   550  1906    10    24    7.00          7.03                      9.25                      8.70
   550  1906    10    25    0.20          0.21                      0.27                      0.26
   550  1906    10    26    0.90          0.91                      1.20                      1.13
   550  1906    10    27    0.00          0.00                      0.00                      0.00
   550  1906    10    28    0.40          0.41                      0.54                      0.51
   550  1906    10    29    3.00          3.04                      4.00                      3.76
   550  1906    10    30    0.00          0.00                      0.00                      0.00
   550  1906    10    31    0.00          0.00                      0.00                      0.00
   550  1906    11     1    0.00          0.00                      0.00                      0.00
   550  1906    11     2    0.30          0.32                      0.42                      0.39
   550  1906    11     3    1.50          1.62                      2.14                      2.01
   550  1906    11     4    0.10          0.11                      0.14                      0.13
   550  1906    11     5    0.70          0.72                      0.95                      0.89
   550  1906    11     6    0.00          0.00                      0.00                      0.00
   550  1906    11     7    2.60          2.64                      3.48                      3.27
   550  1906    11     8    0.70          0.72                      0.94                      0.89
   550  1906    11     9    4.90          4.98                      6.56                      6.17
   550  1906    11    10    2.20          2.24                      2.94                      2.77
   550  1906    11    11    0.00          0.00                      0.00                      0.00
   550  1906    11    12    0.00          0.00                      0.00                      0.00
   550  1906    11    13    0.00          0.00                      0.00                      0.00
   550  1906    11    14    0.00          0.00                      0.00                      0.00
   550  1906    11    15    0.00          0.00                      0.00                      0.00
   550  1906    11    16    8.10          8.28                     10.90                     10.25
   550  1906    11    17    7.00          7.15                      9.42                      8.86
   550  1906    11    18    4.30          4.43                      5.83                      5.49
   550  1906    11    19    5.00          5.06                      6.66                      6.27
   550  1906    11    20    2.90          2.97                      3.91                      3.67
   550  1906    11    21    2.00          2.03                      2.68                      2.52
   550  1906    11    22    2.10          2.20                      2.89                      2.72
   550  1906    11    23    0.30          0.31                      0.41                      0.39
   550  1906    11    24    0.20          0.21                      0.27                      0.26
   550  1906    11    25    0.30          0.32                      0.41                      0.39
   550  1906    11    26    0.20          0.21                      0.28                      0.26
   550  1906    11    27    7.30          7.35                      9.67                      9.10
   550  1906    11    28    4.40          4.51                      5.93                      5.58
   550  1906    11    29    0.10          0.11                      0.14                      0.13
   550  1906    11    30    2.80          2.90                      3.81                      3.59
   550  1906    12     1    1.40          1.45                      1.83                      1.70
   550  1906    12     2    2.10          2.15                      2.71                      2.52
   550  1906    12     3    4.70          4.82                      6.07                      5.66
   550  1906    12     4    7.50          7.68                      9.68                      9.03
   550  1906    12     5    2.90          3.01                      3.80                      3.54
   550  1906    12     6   10.40         10.53                     13.28                     12.38
   550  1906    12     7    0.60          0.65                      0.82                      0.76
   550  1906    12     8    0.00          0.00                      0.00                      0.00
   550  1906    12     9    6.60          6.76                      8.53                      7.95
   550  1906    12    10    2.70          2.79                      3.52                      3.28
   550  1906    12    11    2.80          2.92                      3.68                      3.43
   550  1906    12    12    3.30          3.40                      4.29                      4.00
   550  1906    12    13    4.70          4.83                      6.09                      5.68
   550  1906    12    14    2.00          2.05                      2.58                      2.41
   550  1906    12    15    5.20          5.37                      6.77                      6.31
   550  1906    12    16    0.00          0.00                      0.00                      0.00
   550  1906    12    17    0.10          0.10                      0.13                      0.12
   550  1906    12    18    2.10          2.14                      2.69                      2.51
   550  1906    12    19    0.10          0.11                      0.13                      0.13
   550  1906    12    20    0.00          0.00                      0.00                      0.00
   550  1906    12    21    0.00          0.00                      0.00                      0.00
   550  1906    12    22    0.00          0.00                      0.00                      0.00
   550  1906    12    23    0.00          0.00                      0.00                      0.00
   550  1906    12    24    0.00          0.00                      0.00                      0.00
   550  1906    12    25    5.30          5.45                      6.88                      6.41
   550  1906    12    26    5.40          5.48                      6.91                      6.44
   550  1906    12    27    0.60          0.61                      0.77                      0.72
   550  1906    12    28    1.30          1.34                      1.69                      1.58
   550  1906    12    29    0.00          0.00                      0.00                      0.00
   550  1906    12    30    0.00          0.00                      0.00                      0.00
   550  1906    12    31    0.40          0.42                      0.53                      0.49
